competition,match_date,home_team,away_team,predicted_result,pred_home_goals,pred_away_goals,prob_home,prob_draw,prob_away
United States/MLS,2026-01-03,Philadelphia Union,New York City,A,1,2,0.458659,0.115264,0.426077
United States/MLS,2026-01-08,DC United,Nashville SC,A,1,2,0.131128,0.177885,0.690988
United States/MLS,2026-01-08,FC Cincinnati,San Jose Earthquakes,H,3,1,0.782307,0.140144,0.077549
United States/MLS,2026-01-08,Vancouver Whitecaps,Los Angeles FC,A,2,3,0.071132,0.772596,0.156271
United States/MLS,2026-01-11,Nashville SC,New York Red Bulls,H,2,1,0.700562,0.199159,0.100279
United States/MLS,2026-01-11,San Jose Earthquakes,Real Salt Lake,H,3,1,0.674328,0.176442,0.14923
United States/MLS,2026-01-11,St. Louis City,San Diego FC,A,1,2,0.0,0.148558,0.851442
United States/MLS,2026-02-03,San Diego FC,St. Louis City,H,2,1,0.484257,0.386779,0.128965
United States/MLS,2026-02-05,Philadelphia Union,Nashville SC,A,3,4,0.45052,0.266466,0.283014
United States/MLS,2026-02-05,Real Salt Lake,Portland Timbers,D,1,1,0.354986,0.399399,0.245615
United States/MLS,2026-02-08,Colorado Rapids,Austin FC,A,2,3,0.389231,0.155409,0.45536
United States/MLS,2026-02-08,Los Angeles Galaxy,FC Dallas,H,2,1,0.67078,0.133894,0.195326
United States/MLS,2026-02-08,St. Louis City,Real Salt Lake,D,2,2,0.078099,0.756731,0.16517
United States/MLS,2026-02-28,Colorado Rapids,Portland Timbers,D,1,1,0.259106,0.313822,0.427071
United States/MLS,2026-02-28,New York Red Bulls,New England Revolution,A,2,3,0.665149,0.175,0.159851
United States/MLS,2026-03-05,Austin FC,St. Louis City,H,3,2,0.326619,0.236899,0.436482
United States/MLS,2026-03-05,Los Angeles Galaxy,Vancouver Whitecaps,A,2,3,0.605364,0.104567,0.290069
United States/MLS,2026-03-05,New York City,DC United,A,2,3,0.334719,0.134135,0.531147
United States/MLS,2026-03-05,San Diego FC,Los Angeles FC,H,3,2,0.624499,0.178005,0.197497
United States/MLS,2026-03-14,Columbus Crew,Nashville SC,D,2,2,0.406413,0.461418,0.132169
United States/MLS,2026-03-14,Toronto FC,New York Red Bulls,D,1,1,0.179159,0.605168,0.215672
United States/MLS,2026-03-15,FC Dallas,San Diego FC,A,2,3,0.0,0.139904,0.860096
United States/MLS,2026-03-15,Los Angeles Galaxy,Sporting Kansas City,A,3,4,0.72097,0.186058,0.092972
United States/MLS,2026-03-15,Los Angeles FC,St. Louis City,H,3,1,0.498558,0.501442,0.0
United States/MLS,2026-03-15,New England Revolution,FC Cincinnati,H,2,1,0.093465,0.191707,0.714829
United States/MLS,2026-03-15,Real Salt Lake,Austin FC,H,2,1,0.734864,0.089423,0.175713
United States/MLS,2026-03-21,Toronto FC,Columbus Crew,H,2,1,0.118981,0.536178,0.344841
United States/MLS,2026-03-22,Austin FC,Los Angeles FC,H,3,2,0.549085,0.229327,0.221588
United States/MLS,2026-03-22,Portland Timbers,Los Angeles Galaxy,D,2,2,0.535374,0.361058,0.103568
United States/MLS,2026-03-22,San Diego FC,Real Salt Lake,A,2,3,0.456154,0.126923,0.416923
United States/MLS,2026-03-22,Sporting Kansas City,Colorado Rapids,H,3,1,0.757667,0.148317,0.094016
United States/MLS,2026-03-22,St. Louis City,New England Revolution,D,1,1,0.147517,0.535937,0.316545
United States/MLS,2026-03-22,Vancouver Whitecaps,San Jose Earthquakes,H,3,1,0.730641,0.13738,0.13198
United States/MLS,2026-04-04,New York Red Bulls,FC Cincinnati,A,2,3,0.227819,0.243389,0.528792
United States/MLS,2026-04-04,Real Salt Lake,Sporting Kansas City,H,2,1,0.818926,0.077764,0.10331
United States/MLS,2026-04-04,Toronto FC,Colorado Rapids,A,1,2,0.319082,0.318269,0.362649
United States/MLS,2026-04-09,New York City,Nashville SC,D,2,2,0.611587,0.180889,0.207523
United States/MLS,2026-04-18,New England Revolution,Columbus Crew,D,1,1,0.142713,0.279207,0.578081
United States/MLS,2026-04-18,Philadelphia Union,DC United,H,3,1,0.848632,0.086298,0.06507
United States/MLS,2026-04-18,Vancouver Whitecaps,Sporting Kansas City,H,3,1,0.777485,0.130769,0.091746
United States/MLS,2026-04-19,FC Dallas,Los Angeles Galaxy,D,2,2,0.721408,0.185938,0.092655
United States/MLS,2026-04-19,Los Angeles FC,San Jose Earthquakes,D,2,2,0.84375,0.15625,0.0
United States/MLS,2026-04-19,Real Salt Lake,San Diego FC,A,2,3,0.161274,0.185938,0.652789
United States/MLS,2026-04-22,New York City,FC Cincinnati,H,2,1,0.532294,0.197596,0.27011
United States/MLS,2026-04-22,New York Red Bulls,DC United,H,2,1,0.55065,0.160337,0.289014
United States/MLS,2026-04-22,Toronto FC,Philadelphia Union,A,1,2,0.155216,0.257212,0.587572
United States/MLS,2026-04-23,Los Angeles FC,Colorado Rapids,H,3,0,0.880769,0.119231,0.0
United States/MLS,2026-04-23,San Jose Earthquakes,Austin FC,H,3,2,0.575641,0.200361,0.223998
United States/MLS,2026-04-25,Columbus Crew,Philadelphia Union,A,1,2,0.627509,0.211779,0.160712
United States/MLS,2026-04-25,FC Cincinnati,New York Red Bulls,D,2,2,0.660643,0.198678,0.140679
United States/MLS,2026-04-26,Los Angeles Galaxy,Real Salt Lake,D,2,2,0.606348,0.220313,0.173339
United States/MLS,2026-04-26,San Diego FC,Portland Timbers,H,2,1,0.78122,0.15637,0.062409
United States/MLS,2026-04-26,St. Louis City,San Jose Earthquakes,H,2,1,0.829918,0.077043,0.093038
United States/MLS,2026-04-26,Vancouver Whitecaps,Colorado Rapids,D,2,2,0.696349,0.142909,0.160742
United States/MLS,2026-05-04,San Jose Earthquakes,San Diego FC,A,2,3,0.068489,0.078486,0.853025
United States/MLS,2026-05-04,Vancouver Whitecaps,Portland Timbers,H,2,1,0.363828,0.536538,0.099633
United States/MLS,2026-05-09,FC Cincinnati,DC United,H,3,2,0.40391,0.1625,0.43359
United States/MLS,2026-05-13,New England Revolution,Nashville SC,D,2,2,0.219534,0.220192,0.560274
United States/MLS,2026-05-13,New York Red Bulls,Columbus Crew,D,2,2,0.243282,0.522115,0.234603
United States/MLS,2026-05-14,FC Dallas,Vancouver Whitecaps,A,1,2,0.165855,0.286779,0.547366
United States/MLS,2026-05-14,San Diego FC,Austin FC,H,2,1,0.725458,0.092067,0.182475
United States/MLS,2026-05-14,Sporting Kansas City,Los Angeles Galaxy,H,2,1,0.676145,0.192909,0.130946
United States/MLS,2026-05-14,St. Louis City,Los Angeles FC,A,1,3,0.0,0.135817,0.864183
United States/MLS,2026-05-16,New York Red Bulls,New York City,H,3,2,0.184969,0.201442,0.613588
United States/MLS,2026-05-16,Philadelphia Union,Columbus Crew,D,2,2,0.171289,0.733413,0.095298
United States/MLS,2026-05-17,Austin FC,Sporting Kansas City,D,2,2,0.715405,0.198197,0.086398
United States/MLS,2026-05-17,Real Salt Lake,Colorado Rapids,H,2,1,0.758083,0.129567,0.11235
United States/MLS,2026-05-17,San Diego FC,FC Cincinnati,A,1,2,0.218508,0.362861,0.418632
United States/MLS,2026-05-17,San Jose Earthquakes,FC Dallas,H,3,2,0.2296,0.567428,0.202972
United States/MLS,2026-05-23,St. Louis City,Austin FC,H,2,1,0.383477,0.101082,0.515441
United States/MLS,2026-05-24,Colorado Rapids,FC Dallas,H,3,2,0.221717,0.5875,0.190783
United States/MLS,2026-05-24,Nashville SC,New York City,H,2,1,0.385648,0.364423,0.249929
United States/MLS,2026-05-24,Portland Timbers,San Jose Earthquakes,D,2,2,0.421348,0.477524,0.101128
United States/MLS,2026-05-24,San Diego FC,Vancouver Whitecaps,A,1,2,0.158638,0.314183,0.527179
United States/MLS,2026-06-09,Austin FC,San Jose Earthquakes,H,2,1,0.680008,0.250601,0.069391
United States/MLS,2026-06-09,FC Dallas,Sporting Kansas City,H,2,1,0.801746,0.120312,0.077942
United States/MLS,2026-06-09,Real Salt Lake,Los Angeles FC,A,1,3,0.063959,0.239663,0.696377
United States/MLS,2026-06-09,Vancouver Whitecaps,St. Louis City,H,3,1,0.879999,0.11851,0.001492
United States/MLS,2026-07-11,DC United,New York City,A,1,2,0.194368,0.489303,0.316329
United States/MLS,2026-07-11,FC Cincinnati,Nashville SC,A,2,3,0.671672,0.11887,0.209458
United States/MLS,2026-07-11,Philadelphia Union,Toronto FC,H,2,1,0.298269,0.626803,0.074928
United States/MLS,2026-07-17,St. Louis City,Sporting Kansas City,H,3,2,0.347548,0.525481,0.126972
United States/MLS,2026-07-18,Los Angeles Galaxy,Los Angeles FC,A,2,3,0.157606,0.496394,0.345999
United States/MLS,2026-07-22,Columbus Crew,New York City,A,1,2,0.434616,0.314423,0.250961
United States/MLS,2026-07-22,New England Revolution,Toronto FC,D,1,1,0.325159,0.43137,0.243471
United States/MLS,2026-07-22,Philadelphia Union,New York Red Bulls,D,1,1,0.678271,0.207452,0.114277
United States/MLS,2026-07-23,Colorado Rapids,San Diego FC,H,3,2,0.423572,0.210938,0.36549
United States/MLS,2026-07-23,Los Angeles Galaxy,St. Louis City,A,1,2,0.168646,0.183654,0.6477
United States/MLS,2026-07-23,Los Angeles FC,Real Salt Lake,H,2,1,0.803949,0.174639,0.021411
United States/MLS,2026-07-23,Portland Timbers,FC Dallas,D,2,2,0.246711,0.617067,0.136222
United States/MLS,2026-07-25,Columbus Crew,FC Cincinnati,D,2,2,0.345718,0.410096,0.244186
United States/MLS,2026-07-25,DC United,Toronto FC,H,3,2,0.182694,0.567788,0.249517
United States/MLS,2026-07-26,Los Angeles FC,Sporting Kansas City,D,3,3,0.655889,0.344111,0.0
United States/MLS,2026-07-26,Portland Timbers,Real Salt Lake,A,2,3,0.698861,0.14387,0.157269
United States/MLS,2026-07-26,San Diego FC,FC Dallas,H,3,1,0.806614,0.122957,0.070429
United States/MLS,2026-07-26,San Jose Earthquakes,Los Angeles Galaxy,H,2,1,0.203161,0.546635,0.250205
United States/MLS,2026-07-26,St. Louis City,Colorado Rapids,D,1,1,0.157057,0.565865,0.277077
United States/MLS,2026-07-31,New York City,Toronto FC,D,2,2,0.568723,0.264423,0.166854
United States/MLS,2026-08-03,Colorado Rapids,Los Angeles Galaxy,D,2,2,0.64274,0.20649,0.15077
United States/MLS,2026-08-03,FC Cincinnati,Toronto FC,H,2,0,0.83919,0.13113,0.02968
United States/MLS,2026-08-03,Los Angeles FC,FC Dallas,H,2,1,0.808659,0.117308,0.074033
United States/MLS,2026-08-03,Portland Timbers,Vancouver Whitecaps,A,1,2,0.251556,0.217788,0.530655
United States/MLS,2026-08-03,Sporting Kansas City,San Diego FC,A,1,2,0.0,0.11899,0.88101
United States/MLS,2026-08-11,Austin FC,Portland Timbers,D,1,1,0.275792,0.581971,0.142236
United States/MLS,2026-08-11,FC Dallas,Colorado Rapids,H,2,1,0.627081,0.196755,0.176165
United States/MLS,2026-08-11,Real Salt Lake,Los Angeles Galaxy,D,2,2,0.674541,0.171394,0.154065
United States/MLS,2026-08-11,San Diego FC,Sporting Kansas City,H,2,1,0.459133,0.453606,0.087261
United States/MLS,2026-08-15,Toronto FC,New England Revolution,A,1,2,0.179769,0.321995,0.498236
United States/MLS,2026-08-16,Austin FC,FC Dallas,D,1,1,0.205336,0.671995,0.122669
United States/MLS,2026-08-16,Colorado Rapids,Sporting Kansas City,H,2,1,0.411805,0.166106,0.42209
United States/MLS,2026-08-16,Los Angeles FC,San Diego FC,A,2,3,0.179949,0.164904,0.655148
United States/MLS,2026-08-16,New York City,Philadelphia Union,H,2,1,0.544827,0.135577,0.319596
United States/MLS,2026-08-16,San Jose Earthquakes,St. Louis City,D,1,1,0.06888,0.158053,0.773067
United States/MLS,2026-08-19,DC United,New England Revolution,D,1,1,0.143105,0.522356,0.334539
United States/MLS,2026-08-19,FC Cincinnati,New York City,D,1,1,0.317225,0.176202,0.506573
United States/MLS,2026-08-19,New York Red Bulls,Nashville SC,H,3,1,0.597635,0.22524,0.177125
United States/MLS,2026-08-20,Colorado Rapids,Los Angeles FC,H,3,2,0.135513,0.528966,0.33552
United States/MLS,2026-08-20,Los Angeles Galaxy,San Jose Earthquakes,A,2,3,0.368594,0.157813,0.473593
United States/MLS,2026-08-20,Portland Timbers,San Diego FC,D,1,1,0.048227,0.330288,0.621485
United States/MLS,2026-08-20,Real Salt Lake,FC Dallas,D,1,1,0.175233,0.268149,0.556618
United States/MLS,2026-08-20,Sporting Kansas City,St. Louis City,H,2,1,0.601731,0.271154,0.127115
United States/MLS,2026-08-23,Austin FC,Philadelphia Union,A,1,2,0.326432,0.37512,0.298448
United States/MLS,2026-08-23,Los Angeles FC,Portland Timbers,A,1,2,0.455855,0.217188,0.326957
United States/MLS,2026-08-23,Nashville SC,Columbus Crew,H,2,1,0.643227,0.212981,0.143792
United States/MLS,2026-08-23,New England Revolution,New York City,D,1,1,0.351141,0.234615,0.414244
United States/MLS,2026-08-23,San Diego FC,Colorado Rapids,H,2,1,0.693976,0.097957,0.208067
United States/MLS,2026-08-23,Vancouver Whitecaps,FC Dallas,A,2,3,0.349409,0.096274,0.554317
United States/MLS,2026-08-29,Columbus Crew,New England Revolution,H,2,1,0.454162,0.172957,0.372881
United States/MLS,2026-08-29,New York Red Bulls,Philadelphia Union,H,2,1,0.59132,0.160216,0.248463
United States/MLS,2026-08-29,Toronto FC,New York City,A,1,2,0.165892,0.282813,0.551295
United States/MLS,2026-08-30,Colorado Rapids,Real Salt Lake,A,1,2,0.510186,0.235577,0.254237
United States/MLS,2026-08-30,Nashville SC,FC Cincinnati,A,2,3,0.289867,0.238221,0.471912
United States/MLS,2026-08-30,Portland Timbers,Austin FC,H,2,1,0.745361,0.124639,0.129999
United States/MLS,2026-08-30,San Diego FC,Los Angeles Galaxy,H,2,1,0.765235,0.185457,0.049308
United States/MLS,2026-08-30,Sporting Kansas City,Vancouver Whitecaps,A,1,2,0.130448,0.116827,0.752725
United States/MLS,2026-08-30,St. Louis City,FC Dallas,A,1,2,0.110691,0.60024,0.289068
United States/MLS,2026-09-05,New England Revolution,Philadelphia Union,A,1,2,0.110306,0.200841,0.688852
United States/MLS,2026-09-09,DC United,Columbus Crew,A,1,2,0.071716,0.297356,0.630928
United States/MLS,2026-09-09,New York City,New England Revolution,A,2,3,0.506071,0.237861,0.256069
United States/MLS,2026-09-09,Philadelphia Union,FC Cincinnati,D,2,2,0.400021,0.303125,0.296854
United States/MLS,2026-09-09,Toronto FC,Nashville SC,D,1,1,0.126981,0.243269,0.629749
United States/MLS,2026-09-13,FC Dallas,Portland Timbers,A,2,3,0.748361,0.128245,0.123394
United States/MLS,2026-09-13,Sporting Kansas City,Los Angeles FC,A,1,3,0.026301,0.18149,0.792209
United States/MLS,2026-09-13,Vancouver Whitecaps,Austin FC,A,3,4,0.699729,0.172115,0.128155
United States/MLS,2026-09-18,New York City,New York Red Bulls,H,2,1,0.667675,0.178846,0.153479
United States/MLS,2026-09-19,San Jose Earthquakes,Los Angeles FC,H,4,3,0.175629,0.154447,0.669924
United States/MLS,2026-09-20,FC Dallas,Austin FC,H,2,1,0.734327,0.13137,0.134302
United States/MLS,2026-09-20,Real Salt Lake,Vancouver Whitecaps,D,2,2,0.19387,0.227644,0.578485
United States/MLS,2026-09-27,Austin FC,San Diego FC,H,3,2,0.61096,0.132212,0.256828
United States/MLS,2026-09-27,FC Dallas,Los Angeles FC,H,3,2,0.119586,0.535577,0.344837
United States/MLS,2026-09-27,Los Angeles Galaxy,Colorado Rapids,A,2,3,0.724207,0.108534,0.167259
United States/MLS,2026-09-27,Nashville SC,Toronto FC,H,2,1,0.723499,0.222115,0.054385
United States/MLS,2026-09-27,San Jose Earthquakes,Portland Timbers,H,2,1,0.473845,0.268389,0.257766
United States/MLS,2026-10-05,Colorado Rapids,St. Louis City,H,2,1,0.812053,0.121514,0.066432
United States/MLS,2026-10-05,FC Dallas,Real Salt Lake,H,2,1,0.406257,0.482692,0.11105
United States/MLS,2026-10-05,Nashville SC,DC United,A,2,3,0.434858,0.441827,0.123315
United States/MLS,2026-10-05,New York City,Columbus Crew,D,2,2,0.532332,0.240986,0.226683
United States/MLS,2026-10-05,Portland Timbers,Sporting Kansas City,H,2,1,0.835366,0.104447,0.060187
United States/MLS,2026-10-05,San Jose Earthquakes,Vancouver Whitecaps,H,3,2,0.604456,0.111659,0.283886
United States/MLS,2026-10-09,Austin FC,Colorado Rapids,A,1,2,0.24935,0.260096,0.490553
United States/MLS,2026-10-09,Portland Timbers,St. Louis City,H,2,1,0.688661,0.211659,0.09968
United States/MLS,2026-10-09,San Diego FC,San Jose Earthquakes,A,1,2,0.371535,0.101322,0.527143
United States/MLS,2026-10-09,Vancouver Whitecaps,Los Angeles Galaxy,H,3,1,0.65317,0.200361,0.14647
United States/MLS,2026-10-14,DC United,New York Red Bulls,D,1,1,0.135168,0.253365,0.611467
United States/MLS,2026-10-14,FC Cincinnati,New England Revolution,H,2,1,0.589107,0.229687,0.181205
United States/MLS,2026-10-15,Los Angeles Galaxy,Portland Timbers,A,2,3,0.263063,0.159856,0.577081
United States/MLS,2026-10-15,Los Angeles FC,Austin FC,H,2,1,0.749954,0.139303,0.110743
United States/MLS,2026-10-15,Nashville SC,Sporting Kansas City,A,3,4,0.687499,0.207813,0.104689
United States/MLS,2026-10-15,Real Salt Lake,San Jose Earthquakes,H,2,1,0.557403,0.184375,0.258222
United States/MLS,2026-10-15,St. Louis City,Vancouver Whitecaps,D,1,1,0.072045,0.460817,0.467138
United States/MLS,2026-10-17,New York Red Bulls,Toronto FC,H,2,1,0.732379,0.151803,0.115818
United States/MLS,2026-10-18,Austin FC,Vancouver Whitecaps,D,1,1,0.241377,0.519832,0.238792
United States/MLS,2026-10-18,FC Cincinnati,Columbus Crew,D,1,1,0.523393,0.217308,0.259299
United States/MLS,2026-10-18,Los Angeles Galaxy,San Diego FC,A,1,3,0.032,0.182332,0.785668
United States/MLS,2026-10-18,Portland Timbers,Colorado Rapids,H,2,1,0.75724,0.154928,0.087832
United States/MLS,2026-10-18,Sporting Kansas City,Real Salt Lake,D,1,1,0.219776,0.449399,0.330825
United States/MLS,2026-10-24,Columbus Crew,Toronto FC,H,2,1,0.453976,0.460457,0.085567
United States/MLS,2026-10-24,DC United,FC Cincinnati,D,1,1,0.061715,0.214183,0.724102
United States/MLS,2026-10-24,Philadelphia Union,New England Revolution,D,2,2,0.780439,0.108413,0.111148
United States/MLS,2026-10-25,Colorado Rapids,Vancouver Whitecaps,D,2,2,0.506415,0.240385,0.2532
United States/MLS,2026-10-25,FC Dallas,San Jose Earthquakes,A,2,3,0.243597,0.175361,0.581042
United States/MLS,2026-10-25,Real Salt Lake,St. Louis City,A,2,3,0.845579,0.089663,0.064758
United States/MLS,2026-10-25,Sporting Kansas City,Austin FC,D,1,1,0.254787,0.169591,0.575621
United States/MLS,2026-10-26,Los Angeles FC,Los Angeles Galaxy,H,3,2,0.47773,0.483293,0.038976
United States/MLS,2026-10-28,New England Revolution,New York Red Bulls,D,1,1,0.539299,0.241226,0.219475
United States/MLS,2026-10-28,Toronto FC,DC United,H,2,1,0.652522,0.176803,0.170675
United States/MLS,2026-10-29,Austin FC,Real Salt Lake,H,2,1,0.291578,0.592548,0.115874
United States/MLS,2026-10-29,Nashville SC,Philadelphia Union,H,2,1,0.743591,0.13149,0.124919
United States/MLS,2026-10-29,San Jose Earthquakes,Colorado Rapids,H,2,1,0.401601,0.178365,0.420033
United States/MLS,2026-10-29,St. Louis City,Portland Timbers,A,2,3,0.550041,0.192668,0.257291
United States/MLS,2026-10-29,Vancouver Whitecaps,San Diego FC,A,3,4,0.109631,0.190865,0.699503
United States/MLS,2026-10-31,Columbus Crew,DC United,H,2,1,0.785255,0.124038,0.090707
United States/MLS,2026-10-31,FC Cincinnati,Philadelphia Union,A,1,2,0.245772,0.111418,0.64281
United States/MLS,2026-10-31,Los Angeles Galaxy,Austin FC,A,2,3,0.343937,0.149159,0.506905
United States/MLS,2026-10-31,Sporting Kansas City,FC Dallas,D,2,2,0.2896,0.245192,0.465207
United States/MLS,2026-11-04,Austin FC,Los Angeles Galaxy,D,1,1,0.658708,0.207212,0.134081
United States/MLS,2026-11-04,New England Revolution,DC United,H,2,1,0.698361,0.153365,0.148273
United States/MLS,2026-11-04,Portland Timbers,Los Angeles FC,H,3,2,0.17864,0.51863,0.30273
United States/MLS,2026-11-04,Toronto FC,FC Cincinnati,A,1,2,0.038454,0.294231,0.667315
United States/MLS,2026-11-10,Colorado Rapids,San Jose Earthquakes,A,1,2,0.324601,0.204567,0.470832
United States/MLS,2026-11-10,Los Angeles FC,Vancouver Whitecaps,A,1,2,0.374541,0.218029,0.407431
United States/MLS,2026-11-10,Sporting Kansas City,Portland Timbers,D,2,2,0.214634,0.25637,0.528996
United States/MLS,2026-11-10,St. Louis City,Los Angeles Galaxy,D,3,3,0.279191,0.592428,0.128382
United States/MLS,2026-12-04,FC Dallas,St. Louis City,D,2,2,0.829213,0.109014,0.061773
United States/MLS,2026-12-04,Sporting Kansas City,San Jose Earthquakes,H,3,2,0.41367,0.183293,0.403037
United States/MLS,2026-12-09,Columbus Crew,New York Red Bulls,H,2,1,0.829315,0.118389,0.052296
United States/MLS,,Atlanta Utd,Austin FC,A,1,3,0.145793,0.236418,0.617788
United States/MLS,,Atlanta Utd,CF Montreal,A,2,3,0.432332,0.255409,0.31226
United States/MLS,,Atlanta Utd,Charlotte,A,2,3,0.171394,0.187139,0.641466
United States/MLS,,Atlanta Utd,Chicago Fire,D,2,2,0.147115,0.517909,0.334976
United States/MLS,,Atlanta Utd,Columbus Crew,A,3,4,0.090625,0.177764,0.731611
United States/MLS,,Atlanta Utd,DC United,D,2,2,0.173918,0.530168,0.295913
United States/MLS,,Atlanta Utd,FC Cincinnati,A,2,3,0.306851,0.181611,0.511538
United States/MLS,,Atlanta Utd,FC Dallas,D,2,2,0.190986,0.453365,0.355649
United States/MLS,,Atlanta Utd,Inter Miami,A,2,3,0.077163,0.358894,0.563942
United States/MLS,,Atlanta Utd,Los Angeles FC,D,2,2,0.091106,0.377163,0.531731
United States/MLS,,Atlanta Utd,Nashville SC,A,2,3,0.15601,0.458774,0.385216
United States/MLS,,Atlanta Utd,New England Revolution,A,2,3,0.096875,0.184255,0.71887
United States/MLS,,Atlanta Utd,New York City,A,2,3,0.238702,0.279207,0.482091
United States/MLS,,Atlanta Utd,New York Red Bulls,A,1,2,0.128726,0.545433,0.325841
United States/MLS,,Atlanta Utd,Orlando City,H,3,2,0.405288,0.217668,0.377043
United States/MLS,,Atlanta Utd,Philadelphia Union,H,3,2,0.057091,0.20637,0.736538
United States/MLS,,Atlanta Utd,Toronto FC,D,1,1,0.112981,0.549399,0.33762
United States/MLS,,Austin FC,Houston Dynamo,D,2,2,0.222015,0.702885,0.075101
United States/MLS,,Austin FC,Minnesota United,H,2,1,0.272795,0.275,0.452205
United States/MLS,,Austin FC,New York City,H,2,1,0.512891,0.244952,0.242157
United States/MLS,,Austin FC,New York Red Bulls,H,2,1,0.623655,0.267548,0.108797
United States/MLS,,Austin FC,Orlando City,A,1,2,0.239828,0.333413,0.426759
United States/MLS,,Austin FC,Seattle Sounders,D,1,1,0.566761,0.245433,0.187806
United States/MLS,,Austin FC,Toronto FC,A,1,2,0.404988,0.351562,0.24345
United States/MLS,,CF Montreal,Atlanta Utd,D,1,1,0.323197,0.625481,0.051322
United States/MLS,,CF Montreal,Charlotte,D,1,1,0.216079,0.117788,0.666133
United States/MLS,,CF Montreal,Chicago Fire,H,4,3,0.063929,0.218269,0.717802
United States/MLS,,CF Montreal,Columbus Crew,H,3,2,0.093255,0.477043,0.429702
United States/MLS,,CF Montreal,DC United,A,1,2,0.244805,0.636178,0.119017
United States/MLS,,CF Montreal,FC Cincinnati,A,1,3,0.008582,0.183293,0.808125
United States/MLS,,CF Montreal,FC Dallas,A,2,3,0.280692,0.305048,0.41426
United States/MLS,,CF Montreal,Inter Miami,A,1,3,0.010352,0.208053,0.781595
United States/MLS,,CF Montreal,Los Angeles FC,A,1,2,0.012378,0.539663,0.447959
United States/MLS,,CF Montreal,Minnesota United,A,1,2,0.161206,0.314183,0.524611
United States/MLS,,CF Montreal,Nashville SC,A,1,2,0.110529,0.441346,0.448125
United States/MLS,,CF Montreal,New England Revolution,A,1,2,0.102229,0.208534,0.689238
United States/MLS,,CF Montreal,New York City,H,3,2,0.380345,0.228005,0.39165
United States/MLS,,CF Montreal,New York Red Bulls,A,1,2,0.166519,0.17524,0.658241
United States/MLS,,CF Montreal,Orlando City,D,1,1,0.171042,0.492548,0.336409
United States/MLS,,CF Montreal,Philadelphia Union,A,1,2,0.173106,0.208534,0.618361
United States/MLS,,CF Montreal,Toronto FC,A,1,3,0.121965,0.199639,0.678396
United States/MLS,,Charlotte,Atlanta Utd,H,2,1,0.851442,0.125721,0.022837
United States/MLS,,Charlotte,CF Montreal,A,1,2,0.195219,0.117308,0.687473
United States/MLS,,Charlotte,Chicago Fire,H,3,2,0.319212,0.171755,0.509033
United States/MLS,,Charlotte,Columbus Crew,A,2,3,0.580309,0.240986,0.178705
United States/MLS,,Charlotte,DC United,H,2,1,0.77177,0.114784,0.113446
United States/MLS,,Charlotte,FC Cincinnati,D,2,2,0.560313,0.199159,0.240528
United States/MLS,,Charlotte,FC Dallas,H,3,2,0.321606,0.441947,0.236447
United States/MLS,,Charlotte,Inter Miami,D,2,2,0.619504,0.139543,0.240953
United States/MLS,,Charlotte,Los Angeles FC,A,2,3,0.382551,0.232091,0.385358
United States/MLS,,Charlotte,Minnesota United,D,1,1,0.184723,0.283894,0.531382
United States/MLS,,Charlotte,Nashville SC,H,2,1,0.669054,0.137139,0.193807
United States/MLS,,Charlotte,New England Revolution,H,2,1,0.471554,0.176563,0.351883
United States/MLS,,Charlotte,New York City,A,1,2,0.393654,0.158534,0.447813
United States/MLS,,Charlotte,New York Red Bulls,H,2,1,0.734453,0.149639,0.115908
United States/MLS,,Charlotte,Orlando City,D,1,1,0.161072,0.65625,0.182678
United States/MLS,,Charlotte,Philadelphia Union,D,2,2,0.865097,0.079567,0.055335
United States/MLS,,Charlotte,Toronto FC,H,2,1,0.720081,0.164183,0.115737
United States/MLS,,Chicago Fire,Atlanta Utd,H,2,1,0.745313,0.186418,0.068269
United States/MLS,,Chicago Fire,CF Montreal,H,3,2,0.350494,0.556851,0.092655
United States/MLS,,Chicago Fire,Charlotte,H,2,1,0.555066,0.189423,0.255511
United States/MLS,,Chicago Fire,Columbus Crew,A,2,3,0.537543,0.168269,0.294188
United States/MLS,,Chicago Fire,DC United,D,2,2,0.436701,0.428005,0.135294
United States/MLS,,Chicago Fire,FC Cincinnati,H,3,2,0.13512,0.21274,0.652139
United States/MLS,,Chicago Fire,Inter Miami,D,2,2,0.157567,0.540024,0.302409
United States/MLS,,Chicago Fire,Los Angeles FC,A,2,3,0.152943,0.599159,0.247898
United States/MLS,,Chicago Fire,Minnesota United,A,1,2,0.431339,0.26238,0.306281
United States/MLS,,Chicago Fire,Nashville SC,A,1,2,0.210909,0.128245,0.660845
United States/MLS,,Chicago Fire,New England Revolution,D,2,2,0.460213,0.360457,0.179331
United States/MLS,,Chicago Fire,New York City,H,3,2,0.183815,0.176563,0.639622
United States/MLS,,Chicago Fire,New York Red Bulls,D,1,1,0.658597,0.216827,0.124576
United States/MLS,,Chicago Fire,Orlando City,H,2,1,0.623611,0.260577,0.115812
United States/MLS,,Chicago Fire,Philadelphia Union,H,3,2,0.183705,0.136298,0.679997
United States/MLS,,Chicago Fire,Real Salt Lake,H,3,2,0.420243,0.280168,0.299589
United States/MLS,,Chicago Fire,Toronto FC,D,2,2,0.353404,0.548077,0.098519
United States/MLS,,Colorado Rapids,Atlanta Utd,H,2,1,0.752524,0.163582,0.083894
United States/MLS,,Colorado Rapids,CF Montreal,H,2,1,0.714198,0.137139,0.148663
United States/MLS,,Colorado Rapids,Houston Dynamo,H,3,2,0.603314,0.198317,0.198368
United States/MLS,,Colorado Rapids,Minnesota United,A,1,2,0.139564,0.738462,0.121975
United States/MLS,,Colorado Rapids,Seattle Sounders,D,1,1,0.221524,0.51238,0.266096
United States/MLS,,Columbus Crew,Atlanta Utd,H,3,1,0.864663,0.135337,0.0
United States/MLS,,Columbus Crew,CF Montreal,H,2,1,0.745567,0.177404,0.077029
United States/MLS,,Columbus Crew,Charlotte,H,2,1,0.596975,0.275601,0.127424
United States/MLS,,Columbus Crew,Chicago Fire,A,3,4,0.700799,0.158173,0.141028
United States/MLS,,Columbus Crew,Inter Miami,A,2,3,0.187008,0.20613,0.606862
United States/MLS,,Columbus Crew,Los Angeles FC,H,3,2,0.388349,0.294351,0.3173
United States/MLS,,Columbus Crew,Minnesota United,A,1,2,0.399463,0.305168,0.295368
United States/MLS,,Columbus Crew,Orlando City,A,2,3,0.367772,0.214904,0.417324
United States/MLS,,Columbus Crew,Real Salt Lake,H,2,1,0.739304,0.182332,0.078364
United States/MLS,,DC United,Atlanta Utd,D,1,1,0.345313,0.605649,0.049038
United States/MLS,,DC United,CF Montreal,H,2,1,0.223103,0.568389,0.208507
United States/MLS,,DC United,Charlotte,A,1,2,0.121619,0.150841,0.72754
United States/MLS,,DC United,Chicago Fire,A,1,4,0.063419,0.24976,0.686821
United States/MLS,,DC United,Inter Miami,A,1,2,0.003155,0.658894,0.337951
United States/MLS,,DC United,Minnesota United,A,1,2,0.223683,0.303245,0.473072
United States/MLS,,DC United,Orlando City,A,1,2,0.088432,0.546635,0.364933
United States/MLS,,DC United,Real Salt Lake,D,1,1,0.233182,0.346034,0.420784
United States/MLS,,DC United,San Jose Earthquakes,D,2,2,0.263498,0.305769,0.430732
United States/MLS,,FC Cincinnati,Atlanta Utd,A,2,3,0.514543,0.328245,0.157212
United States/MLS,,FC Cincinnati,CF Montreal,D,2,2,0.834206,0.084615,0.081178
United States/MLS,,FC Cincinnati,Charlotte,D,1,1,0.250865,0.136899,0.612236
United States/MLS,,FC Cincinnati,Chicago Fire,A,2,3,0.611394,0.134615,0.25399
United States/MLS,,FC Cincinnati,Inter Miami,H,4,3,0.403716,0.140505,0.455779
United States/MLS,,FC Cincinnati,Minnesota United,H,3,2,0.390287,0.22524,0.384473
United States/MLS,,FC Cincinnati,Orlando City,H,2,1,0.217318,0.682212,0.100471
United States/MLS,,FC Cincinnati,Real Salt Lake,A,2,3,0.681172,0.166226,0.152602
United States/MLS,,FC Dallas,Houston Dynamo,H,3,2,0.348665,0.24387,0.407465
United States/MLS,,FC Dallas,Minnesota United,A,1,2,0.209677,0.302163,0.48816
United States/MLS,,FC Dallas,Orlando City,D,2,2,0.300046,0.226683,0.473271
United States/MLS,,FC Dallas,Philadelphia Union,D,1,1,0.30714,0.448317,0.244543
United States/MLS,,FC Dallas,Seattle Sounders,A,1,2,0.2377,0.270072,0.492228
United States/MLS,,Houston Dynamo,Atlanta Utd,H,2,1,0.494832,0.291827,0.213341
United States/MLS,,Houston Dynamo,Austin FC,H,3,2,0.545173,0.14387,0.310957
United States/MLS,,Houston Dynamo,CF Montreal,A,1,2,0.326232,0.155889,0.517878
United States/MLS,,Houston Dynamo,Charlotte,D,1,1,0.37722,0.180168,0.442612
United States/MLS,,Houston Dynamo,Chicago Fire,A,2,3,0.203987,0.311779,0.484234
United States/MLS,,Houston Dynamo,Colorado Rapids,A,2,3,0.335147,0.460216,0.204636
United States/MLS,,Houston Dynamo,FC Dallas,A,1,2,0.209749,0.257332,0.532919
United States/MLS,,Houston Dynamo,Los Angeles FC,A,1,2,0.407017,0.274279,0.318704
United States/MLS,,Houston Dynamo,Los Angeles Galaxy,D,1,1,0.365002,0.486899,0.148099
United States/MLS,,Houston Dynamo,Minnesota United,A,1,2,0.362088,0.304688,0.333224
United States/MLS,,Houston Dynamo,Portland Timbers,D,1,1,0.662607,0.160457,0.176936
United States/MLS,,Houston Dynamo,Real Salt Lake,D,1,1,0.276583,0.23726,0.486158
United States/MLS,,Houston Dynamo,San Diego FC,A,2,3,0.15983,0.169231,0.670939
United States/MLS,,Houston Dynamo,San Jose Earthquakes,H,3,2,0.324624,0.152404,0.522972
United States/MLS,,Houston Dynamo,Seattle Sounders,A,1,2,0.126096,0.172236,0.701668
United States/MLS,,Houston Dynamo,Sporting Kansas City,A,1,2,0.300557,0.20625,0.493193
United States/MLS,,Houston Dynamo,St. Louis City,H,2,1,0.684266,0.163942,0.151792
United States/MLS,,Houston Dynamo,Vancouver Whitecaps,H,3,2,0.173265,0.259375,0.56736
United States/MLS,,Inter Miami,Atlanta Utd,H,3,1,0.873317,0.104207,0.022476
United States/MLS,,Inter Miami,CF Montreal,H,3,2,0.784119,0.105168,0.110713
United States/MLS,,Inter Miami,Charlotte,D,2,2,0.700448,0.21863,0.080922
United States/MLS,,Inter Miami,Chicago Fire,H,4,3,0.403732,0.189062,0.407206
United States/MLS,,Inter Miami,Columbus Crew,H,4,1,0.844483,0.134856,0.020662
United States/MLS,,Inter Miami,DC United,H,3,2,0.857903,0.108413,0.033684
United States/MLS,,Inter Miami,FC Cincinnati,H,3,1,0.443399,0.450481,0.10612
United States/MLS,,Inter Miami,Nashville SC,D,3,3,0.890508,0.092668,0.016824
United States/MLS,,Inter Miami,New England Revolution,H,3,2,0.780114,0.162861,0.057026
United States/MLS,,Inter Miami,New York City,A,4,5,0.710212,0.24399,0.045798
United States/MLS,,Inter Miami,New York Red Bulls,H,3,1,0.80012,0.147356,0.052524
United States/MLS,,Inter Miami,Orlando City,A,2,3,0.438319,0.180649,0.381032
United States/MLS,,Inter Miami,Philadelphia Union,H,3,2,0.734103,0.186178,0.079719
United States/MLS,,Inter Miami,Real Salt Lake,H,4,1,0.817955,0.16226,0.019785
United States/MLS,,Inter Miami,San Jose Earthquakes,H,3,2,0.750601,0.169351,0.080048
United States/MLS,,Inter Miami,Sporting Kansas City,H,3,2,0.804087,0.195913,0.0
United States/MLS,,Inter Miami,Toronto FC,H,3,1,0.513455,0.483534,0.003011
United States/MLS,,Los Angeles FC,Houston Dynamo,D,2,2,0.700555,0.149399,0.150046
United States/MLS,,Los Angeles FC,Minnesota United,A,1,2,0.59236,0.201683,0.205957
United States/MLS,,Los Angeles FC,Seattle Sounders,H,3,1,0.768069,0.154087,0.077844
United States/MLS,,Los Angeles FC,Toronto FC,D,2,2,0.686417,0.286659,0.026925
United States/MLS,,Los Angeles Galaxy,Atlanta Utd,H,2,1,0.638341,0.236418,0.12524
United States/MLS,,Los Angeles Galaxy,CF Montreal,D,2,2,0.643001,0.183173,0.173826
United States/MLS,,Los Angeles Galaxy,Charlotte,D,2,2,0.32818,0.259736,0.412085
United States/MLS,,Los Angeles Galaxy,Chicago Fire,A,3,4,0.389938,0.268149,0.341913
United States/MLS,,Los Angeles Galaxy,Columbus Crew,A,2,3,0.205729,0.173438,0.620834
United States/MLS,,Los Angeles Galaxy,DC United,H,2,1,0.646979,0.207572,0.145449
United States/MLS,,Los Angeles Galaxy,Houston Dynamo,A,1,2,0.254469,0.48101,0.264521
United States/MLS,,Los Angeles Galaxy,Minnesota United,D,2,2,0.66359,0.107572,0.228838
United States/MLS,,Los Angeles Galaxy,Seattle Sounders,D,1,1,0.202122,0.204687,0.593191
United States/MLS,,Minnesota United,Austin FC,D,2,2,0.395474,0.380889,0.223636
United States/MLS,,Minnesota United,Colorado Rapids,A,2,3,0.431109,0.116106,0.452785
United States/MLS,,Minnesota United,FC Dallas,H,2,1,0.336958,0.436659,0.226384
United States/MLS,,Minnesota United,Houston Dynamo,D,2,2,0.581061,0.224399,0.19454
United States/MLS,,Minnesota United,Los Angeles FC,A,1,2,0.127111,0.328245,0.544644
United States/MLS,,Minnesota United,Los Angeles Galaxy,D,2,2,0.294223,0.530889,0.174888
United States/MLS,,Minnesota United,Portland Timbers,D,2,2,0.363923,0.526082,0.109995
United States/MLS,,Minnesota United,Real Salt Lake,H,2,1,0.618693,0.224279,0.157028
United States/MLS,,Minnesota United,San Diego FC,A,2,3,0.161495,0.176683,0.661822
United States/MLS,,Minnesota United,San Jose Earthquakes,H,3,1,0.807892,0.10649,0.085618
United States/MLS,,Minnesota United,Seattle Sounders,D,1,1,0.211227,0.68774,0.101033
United States/MLS,,Minnesota United,Sporting Kansas City,H,3,1,0.744834,0.138942,0.116223
United States/MLS,,Minnesota United,St. Louis City,D,3,3,0.890359,0.092188,0.017454
United States/MLS,,Minnesota United,Vancouver Whitecaps,A,1,2,0.186133,0.254207,0.55966
United States/MLS,,Nashville SC,Atlanta Utd,D,2,2,0.492188,0.178606,0.329207
United States/MLS,,Nashville SC,CF Montreal,H,2,1,0.764831,0.170433,0.064736
United States/MLS,,Nashville SC,Charlotte,H,2,1,0.75835,0.146875,0.094775
United States/MLS,,Nashville SC,Chicago Fire,H,4,1,0.724066,0.15637,0.119563
United States/MLS,,Nashville SC,Inter Miami,H,4,3,0.387737,0.111659,0.500604
United States/MLS,,Nashville SC,Orlando City,D,2,2,0.589468,0.236779,0.173753
United States/MLS,,Nashville SC,Real Salt Lake,H,2,1,0.86419,0.107212,0.028598
United States/MLS,,Nashville SC,San Jose Earthquakes,H,2,1,0.465485,0.392909,0.141606
United States/MLS,,New England Revolution,Atlanta Utd,H,2,0,0.755409,0.176683,0.067909
United States/MLS,,New England Revolution,CF Montreal,H,3,2,0.317002,0.192548,0.49045
United States/MLS,,New England Revolution,Charlotte,H,3,2,0.165345,0.140745,0.69391
United States/MLS,,New England Revolution,Chicago Fire,D,2,2,0.125124,0.567308,0.307568
United States/MLS,,New England Revolution,Inter Miami,D,1,1,0.053901,0.217067,0.729032
United States/MLS,,New England Revolution,Orlando City,D,1,1,0.145367,0.194712,0.659922
United States/MLS,,New England Revolution,San Jose Earthquakes,D,1,1,0.301551,0.453606,0.244843
United States/MLS,,New England Revolution,Sporting Kansas City,D,2,2,0.611762,0.205649,0.182589
United States/MLS,,New England Revolution,Vancouver Whitecaps,A,1,2,0.382271,0.191346,0.426383
United States/MLS,,New York City,Atlanta Utd,H,2,1,0.740385,0.194471,0.065144
United States/MLS,,New York City,CF Montreal,D,1,1,0.303068,0.125721,0.571211
United States/MLS,,New York City,Charlotte,H,2,1,0.555625,0.261418,0.182957
United States/MLS,,New York City,Chicago Fire,A,2,3,0.616545,0.185697,0.197758
United States/MLS,,New York City,Inter Miami,D,1,1,0.168634,0.169712,0.661654
United States/MLS,,New York City,Orlando City,H,2,1,0.533786,0.230409,0.235805
United States/MLS,,New York City,San Jose Earthquakes,H,3,1,0.760208,0.151202,0.08859
United States/MLS,,New York City,Sporting Kansas City,H,2,1,0.51162,0.260457,0.227924
United States/MLS,,New York City,Vancouver Whitecaps,A,1,2,0.385577,0.254327,0.360096
United States/MLS,,New York Red Bulls,Atlanta Utd,H,2,1,0.876322,0.123678,0.0
United States/MLS,,New York Red Bulls,CF Montreal,H,2,1,0.723145,0.140745,0.13611
United States/MLS,,New York Red Bulls,Charlotte,H,2,1,0.642471,0.189063,0.168467
United States/MLS,,New York Red Bulls,Chicago Fire,H,3,2,0.55258,0.192668,0.254751
United States/MLS,,New York Red Bulls,Colorado Rapids,H,3,2,0.490474,0.297236,0.21229
United States/MLS,,New York Red Bulls,Inter Miami,A,2,3,0.21238,0.166106,0.621515
United States/MLS,,New York Red Bulls,Orlando City,A,2,3,0.335788,0.415745,0.248467
United States/MLS,,New York Red Bulls,Sporting Kansas City,H,2,1,0.628597,0.209976,0.161427
United States/MLS,,New York Red Bulls,Vancouver Whitecaps,H,2,1,0.307565,0.360817,0.331617
United States/MLS,,Orlando City,Atlanta Utd,H,2,1,0.710337,0.207212,0.082452
United States/MLS,,Orlando City,CF Montreal,D,2,2,0.349991,0.578245,0.071764
United States/MLS,,Orlando City,Charlotte,A,2,3,0.662726,0.150962,0.186312
United States/MLS,,Orlando City,Chicago Fire,D,2,2,0.215211,0.16262,0.622169
United States/MLS,,Orlando City,Colorado Rapids,H,2,1,0.693516,0.224038,0.082446
United States/MLS,,Orlando City,Columbus Crew,H,2,1,0.380545,0.373197,0.246258
United States/MLS,,Orlando City,DC United,H,3,2,0.686207,0.189183,0.12461
United States/MLS,,Orlando City,FC Cincinnati,D,2,2,0.153476,0.153486,0.693039
United States/MLS,,Orlando City,Inter Miami,A,3,4,0.602426,0.152764,0.24481
United States/MLS,,Orlando City,Nashville SC,H,3,1,0.802839,0.105409,0.091752
United States/MLS,,Orlando City,New England Revolution,D,2,2,0.217494,0.683173,0.099333
United States/MLS,,Orlando City,New York City,A,2,3,0.267055,0.211418,0.521526
United States/MLS,,Orlando City,New York Red Bulls,D,1,1,0.293779,0.633534,0.072687
United States/MLS,,Orlando City,Philadelphia Union,A,2,3,0.263113,0.159495,0.577391
United States/MLS,,Orlando City,Sporting Kansas City,A,3,4,0.821416,0.120072,0.058512
United States/MLS,,Orlando City,Toronto FC,H,3,2,0.594926,0.315505,0.089569
United States/MLS,,Orlando City,Vancouver Whitecaps,A,1,2,0.119219,0.07476,0.806021
United States/MLS,,Philadelphia Union,Atlanta Utd,D,2,2,0.822356,0.14399,0.033654
United States/MLS,,Philadelphia Union,CF Montreal,H,2,1,0.682543,0.203606,0.113851
United States/MLS,,Philadelphia Union,Charlotte,H,2,1,0.632258,0.183173,0.184569
United States/MLS,,Philadelphia Union,Chicago Fire,A,3,4,0.33216,0.56875,0.09909
United States/MLS,,Philadelphia Union,Colorado Rapids,H,2,1,0.787974,0.122596,0.08943
United States/MLS,,Philadelphia Union,Houston Dynamo,D,2,2,0.539374,0.277404,0.183222
United States/MLS,,Philadelphia Union,Inter Miami,A,2,3,0.152796,0.492067,0.355137
United States/MLS,,Philadelphia Union,Orlando City,D,1,1,0.210204,0.657332,0.132464
United States/MLS,,Philadelphia Union,Vancouver Whitecaps,H,3,2,0.267313,0.316106,0.416581
United States/MLS,,Portland Timbers,Charlotte,A,1,2,0.213668,0.271514,0.514818
United States/MLS,,Portland Timbers,Chicago Fire,H,3,2,0.342741,0.33738,0.319879
United States/MLS,,Portland Timbers,DC United,H,2,1,0.634135,0.230769,0.135096
United States/MLS,,Portland Timbers,FC Cincinnati,D,2,2,0.082915,0.204567,0.712518
United States/MLS,,Portland Timbers,Houston Dynamo,H,3,2,0.597368,0.216707,0.185925
United States/MLS,,Portland Timbers,Inter Miami,A,2,3,0.198591,0.321274,0.480135
United States/MLS,,Portland Timbers,Minnesota United,D,1,1,0.176341,0.597957,0.225702
United States/MLS,,Portland Timbers,Seattle Sounders,H,3,2,0.361758,0.38137,0.256871
United States/MLS,,Real Salt Lake,Houston Dynamo,H,2,1,0.633153,0.185337,0.181511
United States/MLS,,Real Salt Lake,Minnesota United,D,1,1,0.074095,0.214423,0.711482
United States/MLS,,Real Salt Lake,Seattle Sounders,H,2,1,0.621603,0.181611,0.196787
United States/MLS,,San Diego FC,Columbus Crew,D,2,2,0.282977,0.53762,0.179402
United States/MLS,,San Diego FC,DC United,H,3,2,0.39111,0.29976,0.30913
United States/MLS,,San Diego FC,Houston Dynamo,H,3,2,0.381516,0.135096,0.483388
United States/MLS,,San Diego FC,Inter Miami,A,2,3,0.208482,0.393029,0.398489
United States/MLS,,San Diego FC,Minnesota United,H,2,1,0.645596,0.076803,0.277601
United States/MLS,,San Diego FC,Nashville SC,H,2,1,0.760707,0.105529,0.133764
United States/MLS,,San Diego FC,New England Revolution,H,3,2,0.337503,0.317548,0.344949
United States/MLS,,San Diego FC,Seattle Sounders,H,2,1,0.731652,0.10637,0.161978
United States/MLS,,San Jose Earthquakes,Houston Dynamo,D,2,2,0.134992,0.616346,0.248662
United States/MLS,,San Jose Earthquakes,Minnesota United,D,1,1,0.088142,0.148197,0.763661
United States/MLS,,San Jose Earthquakes,Seattle Sounders,A,2,3,0.220639,0.467067,0.312294
United States/MLS,,Seattle Sounders,Austin FC,D,3,3,0.653431,0.213341,0.133227
United States/MLS,,Seattle Sounders,Colorado Rapids,H,3,1,0.448308,0.467188,0.084505
