competition,match_date,home_team,away_team,predicted_result,pred_home_goals,pred_away_goals,prob_home,prob_draw,prob_away
United States/MLS,,Atlanta Utd,Austin FC,A,1,3,0.248877,0.212776,0.538347
United States/MLS,,Atlanta Utd,CF Montreal,H,3,2,0.571152,0.229868,0.19898
United States/MLS,,Atlanta Utd,Charlotte,A,2,3,0.28876,0.168425,0.542815
United States/MLS,,Atlanta Utd,Chicago Fire,A,2,3,0.292866,0.448632,0.258502
United States/MLS,,Atlanta Utd,Columbus Crew,H,4,3,0.184854,0.159988,0.655158
United States/MLS,,Atlanta Utd,DC United,D,2,2,0.348678,0.458316,0.193006
United States/MLS,,Atlanta Utd,FC Cincinnati,H,3,2,0.450235,0.16345,0.386315
United States/MLS,,Atlanta Utd,FC Dallas,A,2,3,0.359551,0.402813,0.237636
United States/MLS,,Atlanta Utd,Inter Miami,A,2,3,0.192692,0.323005,0.484303
United States/MLS,,Atlanta Utd,Los Angeles FC,A,2,3,0.229289,0.339447,0.431264
United States/MLS,,Atlanta Utd,Nashville SC,A,2,3,0.328977,0.406763,0.26426
United States/MLS,,Atlanta Utd,New England Revolution,D,2,2,0.233982,0.165829,0.600189
United States/MLS,,Atlanta Utd,New York City,A,2,3,0.378383,0.251286,0.370331
United States/MLS,,Atlanta Utd,New York Red Bulls,D,1,1,0.313594,0.467298,0.219108
United States/MLS,,Atlanta Utd,Orlando City,A,2,3,0.508883,0.195901,0.295216
United States/MLS,,Atlanta Utd,Philadelphia Union,A,1,2,0.193494,0.185733,0.620772
United States/MLS,,Atlanta Utd,Toronto FC,D,1,1,0.289035,0.469945,0.24102
United States/MLS,,Austin FC,Colorado Rapids,H,2,1,0.373917,0.234087,0.391996
United States/MLS,,Austin FC,FC Dallas,D,1,1,0.428575,0.546403,0.025022
United States/MLS,,Austin FC,Houston Dynamo,H,3,2,0.435968,0.564032,0.0
United States/MLS,,Austin FC,Los Angeles FC,H,3,2,0.680727,0.206394,0.112878
United States/MLS,,Austin FC,Los Angeles Galaxy,H,2,1,0.739091,0.18649,0.074418
United States/MLS,,Austin FC,New York City,A,1,2,0.62938,0.220457,0.150164
United States/MLS,,Austin FC,New York Red Bulls,D,1,1,0.759207,0.240793,0.0
United States/MLS,,Austin FC,Orlando City,H,3,2,0.360802,0.300072,0.339125
United States/MLS,,Austin FC,Philadelphia Union,A,1,2,0.408931,0.337608,0.253461
United States/MLS,,Austin FC,Portland Timbers,D,1,1,0.430576,0.49127,0.078154
United States/MLS,,Austin FC,Real Salt Lake,H,2,1,0.501963,0.498037,0.0
United States/MLS,,Austin FC,San Diego FC,A,2,3,0.704074,0.11899,0.176936
United States/MLS,,Austin FC,San Jose Earthquakes,H,2,1,0.774459,0.225541,0.0
United States/MLS,,Austin FC,Seattle Sounders,H,2,1,0.648663,0.220889,0.130448
United States/MLS,,Austin FC,Sporting Kansas City,D,2,2,0.821623,0.178377,0.0
United States/MLS,,Austin FC,St. Louis City,A,1,2,0.425489,0.213209,0.361302
United States/MLS,,Austin FC,Toronto FC,A,1,2,0.482236,0.316406,0.201357
United States/MLS,,Austin FC,Vancouver Whitecaps,H,2,1,0.39801,0.449953,0.152037
United States/MLS,,CF Montreal,Atlanta Utd,D,1,1,0.450034,0.518614,0.031352
United States/MLS,,CF Montreal,Charlotte,A,1,2,0.299761,0.10601,0.59423
United States/MLS,,CF Montreal,Chicago Fire,A,1,3,0.12791,0.196442,0.675648
United States/MLS,,CF Montreal,Columbus Crew,A,1,2,0.208653,0.419955,0.371391
United States/MLS,,CF Montreal,DC United,D,1,1,0.396805,0.525137,0.078058
United States/MLS,,CF Montreal,FC Cincinnati,A,1,3,0.10005,0.164964,0.734986
United States/MLS,,CF Montreal,FC Dallas,A,2,3,0.367897,0.274543,0.357559
United States/MLS,,CF Montreal,Inter Miami,A,1,3,0.082789,0.187248,0.729963
United States/MLS,,CF Montreal,Los Angeles FC,A,1,2,0.103983,0.463429,0.432588
United States/MLS,,CF Montreal,Minnesota United,H,3,2,0.237241,0.282764,0.479995
United States/MLS,,CF Montreal,Nashville SC,D,1,1,0.233355,0.393963,0.372682
United States/MLS,,CF Montreal,New England Revolution,A,1,2,0.194222,0.18768,0.618098
United States/MLS,,CF Montreal,New York City,H,3,2,0.468944,0.205204,0.325852
United States/MLS,,CF Montreal,New York Red Bulls,H,3,2,0.355462,0.157716,0.486822
United States/MLS,,CF Montreal,Orlando City,D,1,1,0.295625,0.430971,0.273403
United States/MLS,,CF Montreal,Philadelphia Union,A,1,2,0.231695,0.18768,0.580625
United States/MLS,,CF Montreal,Toronto FC,A,1,3,0.13436,0.179675,0.685965
United States/MLS,,Charlotte,Atlanta Utd,H,2,1,0.886851,0.113149,0.0
United States/MLS,,Charlotte,CF Montreal,A,1,2,0.326386,0.105577,0.568037
United States/MLS,,Charlotte,Chicago Fire,H,3,2,0.43969,0.154579,0.405731
United States/MLS,,Charlotte,Columbus Crew,H,3,2,0.706844,0.216887,0.076269
United States/MLS,,Charlotte,DC United,H,2,1,0.871304,0.103305,0.02539
United States/MLS,,Charlotte,FC Cincinnati,D,2,2,0.689171,0.179243,0.131586
United States/MLS,,Charlotte,FC Dallas,H,3,2,0.467623,0.394408,0.137969
United States/MLS,,Charlotte,Inter Miami,H,3,2,0.765171,0.125589,0.10924
United States/MLS,,Charlotte,Los Angeles FC,D,2,2,0.486711,0.208882,0.304407
United States/MLS,,Charlotte,Minnesota United,A,1,2,0.318745,0.255505,0.425751
United States/MLS,,Charlotte,Nashville SC,D,2,2,0.813824,0.123425,0.06275
United States/MLS,,Charlotte,New England Revolution,A,2,3,0.562296,0.158906,0.278798
United States/MLS,,Charlotte,New York City,H,2,1,0.535558,0.14268,0.321762
United States/MLS,,Charlotte,New York Red Bulls,D,1,1,0.865325,0.134675,0.0
United States/MLS,,Charlotte,Orlando City,A,1,2,0.399106,0.537163,0.063731
United States/MLS,,Charlotte,Philadelphia Union,H,2,1,0.928389,0.071611,0.0
United States/MLS,,Charlotte,Toronto FC,H,2,1,0.759165,0.147764,0.09307
United States/MLS,,Chicago Fire,Atlanta Utd,H,2,1,0.826965,0.167776,0.005258
United States/MLS,,Chicago Fire,CF Montreal,H,3,2,0.51743,0.474888,0.007682
United States/MLS,,Chicago Fire,Charlotte,H,2,1,0.678559,0.170481,0.150961
United States/MLS,,Chicago Fire,Columbus Crew,H,3,2,0.670558,0.151442,0.178
United States/MLS,,Chicago Fire,DC United,D,2,2,0.546033,0.384023,0.069944
United States/MLS,,Chicago Fire,FC Cincinnati,A,1,2,0.231601,0.191466,0.576933
United States/MLS,,Chicago Fire,Inter Miami,H,2,1,0.341765,0.463671,0.194564
United States/MLS,,Chicago Fire,Los Angeles FC,D,2,2,0.343158,0.502227,0.154614
United States/MLS,,Chicago Fire,Minnesota United,D,1,1,0.538731,0.236142,0.225127
United States/MLS,,Chicago Fire,Nashville SC,A,1,2,0.299989,0.115421,0.58459
United States/MLS,,Chicago Fire,New England Revolution,H,3,2,0.600245,0.324411,0.075344
United States/MLS,,Chicago Fire,New York City,A,1,2,0.298885,0.158906,0.542209
United States/MLS,,Chicago Fire,New York Red Bulls,H,2,1,0.799204,0.195144,0.005651
United States/MLS,,Chicago Fire,Orlando City,D,2,2,0.763315,0.234519,0.002166
United States/MLS,,Chicago Fire,Philadelphia Union,A,1,2,0.271685,0.122668,0.605647
United States/MLS,,Chicago Fire,Real Salt Lake,H,3,2,0.549997,0.252151,0.197851
United States/MLS,,Chicago Fire,Toronto FC,H,3,2,0.450017,0.469064,0.08092
United States/MLS,,Colorado Rapids,Atlanta Utd,H,2,1,0.850853,0.147224,0.001923
United States/MLS,,Colorado Rapids,Austin FC,H,2,1,0.49719,0.139868,0.362942
United States/MLS,,Colorado Rapids,CF Montreal,D,2,2,0.814393,0.123425,0.062181
United States/MLS,,Colorado Rapids,FC Dallas,A,2,3,0.357262,0.494817,0.147921
United States/MLS,,Colorado Rapids,Houston Dynamo,H,3,2,0.735726,0.178486,0.085788
United States/MLS,,Colorado Rapids,Los Angeles FC,D,1,1,0.294729,0.456194,0.249077
United States/MLS,,Colorado Rapids,Los Angeles Galaxy,H,2,1,0.766264,0.185841,0.047895
United States/MLS,,Colorado Rapids,Minnesota United,H,3,2,0.378489,0.583522,0.037989
United States/MLS,,Colorado Rapids,Portland Timbers,D,1,1,0.360469,0.28244,0.357091
United States/MLS,,Colorado Rapids,Real Salt Lake,H,2,1,0.62605,0.212019,0.161931
United States/MLS,,Colorado Rapids,San Diego FC,A,2,3,0.522309,0.189844,0.287847
United States/MLS,,Colorado Rapids,San Jose Earthquakes,A,1,2,0.406419,0.184111,0.40947
United States/MLS,,Colorado Rapids,Seattle Sounders,D,1,1,0.341785,0.44482,0.213395
United States/MLS,,Colorado Rapids,Sporting Kansas City,D,2,2,0.493397,0.149495,0.357108
United States/MLS,,Colorado Rapids,St. Louis City,H,2,1,0.890637,0.109363,0.0
United States/MLS,,Colorado Rapids,Vancouver Whitecaps,H,2,1,0.613098,0.216346,0.170556
United States/MLS,,Columbus Crew,Atlanta Utd,H,3,1,0.878197,0.121803,0.0
United States/MLS,,Columbus Crew,CF Montreal,H,2,1,0.840337,0.159663,0.0
United States/MLS,,Columbus Crew,Charlotte,H,2,1,0.738675,0.248041,0.013284
United States/MLS,,Columbus Crew,Chicago Fire,A,3,4,0.796662,0.142356,0.060982
United States/MLS,,Columbus Crew,DC United,H,2,1,0.875879,0.111635,0.012487
United States/MLS,,Columbus Crew,FC Cincinnati,H,2,1,0.497547,0.369087,0.133366
United States/MLS,,Columbus Crew,Inter Miami,A,2,3,0.287829,0.185517,0.526654
United States/MLS,,Columbus Crew,Los Angeles FC,A,2,3,0.538352,0.264916,0.196732
United States/MLS,,Columbus Crew,Minnesota United,A,1,2,0.531771,0.274651,0.193578
United States/MLS,,Columbus Crew,Nashville SC,D,2,2,0.545595,0.408686,0.045719
United States/MLS,,Columbus Crew,New England Revolution,A,2,3,0.576821,0.155661,0.267517
United States/MLS,,Columbus Crew,New York City,H,2,1,0.546535,0.282981,0.170485
United States/MLS,,Columbus Crew,New York Red Bulls,H,2,1,0.89345,0.10655,0.0
United States/MLS,,Columbus Crew,Orlando City,H,3,2,0.511176,0.193413,0.29541
United States/MLS,,Columbus Crew,Philadelphia Union,H,2,1,0.759173,0.190601,0.050226
United States/MLS,,Columbus Crew,Real Salt Lake,H,2,1,0.835901,0.164099,0.0
United States/MLS,,Columbus Crew,Toronto FC,H,2,1,0.556356,0.407987,0.035656
United States/MLS,,DC United,Atlanta Utd,H,2,1,0.493202,0.506312,0.000486
United States/MLS,,DC United,CF Montreal,D,1,1,0.347184,0.48121,0.171606
United States/MLS,,DC United,Charlotte,A,1,2,0.224878,0.135757,0.639364
United States/MLS,,DC United,Chicago Fire,A,1,4,0.130817,0.224784,0.6444
United States/MLS,,DC United,Columbus Crew,A,1,2,0.173814,0.26762,0.558566
United States/MLS,,DC United,FC Cincinnati,A,1,2,0.13622,0.192764,0.671015
United States/MLS,,DC United,Inter Miami,A,1,2,0.168218,0.538727,0.293055
United States/MLS,,DC United,Minnesota United,A,1,2,0.311107,0.272921,0.415972
United States/MLS,,DC United,Nashville SC,A,1,2,0.213391,0.160096,0.626513
United States/MLS,,DC United,New England Revolution,H,3,2,0.227652,0.451684,0.320664
United States/MLS,,DC United,New York City,D,1,1,0.297956,0.428679,0.273364
United States/MLS,,DC United,New York Red Bulls,A,1,2,0.308042,0.228029,0.46393
United States/MLS,,DC United,Orlando City,A,1,2,0.193359,0.468101,0.33854
United States/MLS,,DC United,Real Salt Lake,A,1,2,0.317541,0.31143,0.371029
United States/MLS,,DC United,San Jose Earthquakes,H,4,3,0.338394,0.275192,0.386413
United States/MLS,,DC United,Toronto FC,A,1,2,0.267871,0.482074,0.250055
United States/MLS,,FC Cincinnati,CF Montreal,H,2,0,0.923091,0.076154,0.000755
United States/MLS,,FC Cincinnati,Charlotte,A,1,2,0.364306,0.123209,0.512484
United States/MLS,,FC Cincinnati,Chicago Fire,H,3,2,0.712875,0.121154,0.165971
United States/MLS,,FC Cincinnati,Columbus Crew,H,2,1,0.630699,0.195577,0.173724
United States/MLS,,FC Cincinnati,DC United,H,3,2,0.476063,0.14625,0.377687
United States/MLS,,FC Cincinnati,Inter Miami,H,4,3,0.528397,0.126454,0.345148
United States/MLS,,FC Cincinnati,Minnesota United,A,1,2,0.465344,0.202716,0.33194
United States/MLS,,FC Cincinnati,Nashville SC,H,2,1,0.7581,0.106983,0.134917
United States/MLS,,FC Cincinnati,New England Revolution,H,2,1,0.669646,0.206719,0.123635
United States/MLS,,FC Cincinnati,New York City,H,2,1,0.400241,0.158582,0.441177
United States/MLS,,FC Cincinnati,New York Red Bulls,H,2,1,0.786337,0.17881,0.034853
United States/MLS,,FC Cincinnati,Orlando City,D,1,1,0.447694,0.552306,0.0
United States/MLS,,FC Cincinnati,Philadelphia Union,D,1,1,0.318853,0.100276,0.58087
United States/MLS,,FC Cincinnati,Real Salt Lake,D,2,2,0.803121,0.149603,0.047276
United States/MLS,,FC Cincinnati,San Jose Earthquakes,D,3,3,0.87387,0.12613,0.0
United States/MLS,,FC Cincinnati,Toronto FC,H,2,0,0.878566,0.118017,0.003417
United States/MLS,,FC Dallas,Austin FC,H,2,1,0.841748,0.118233,0.040018
United States/MLS,,FC Dallas,Colorado Rapids,H,2,1,0.750866,0.177079,0.072055
United States/MLS,,FC Dallas,Houston Dynamo,H,3,2,0.434414,0.219483,0.346103
United States/MLS,,FC Dallas,Los Angeles FC,D,1,1,0.283668,0.460674,0.255658
United States/MLS,,FC Dallas,Los Angeles Galaxy,D,2,2,0.832656,0.167344,0.0
United States/MLS,,FC Dallas,Minnesota United,D,1,1,0.344245,0.271947,0.383808
United States/MLS,,FC Dallas,Orlando City,A,2,3,0.420991,0.204014,0.374994
United States/MLS,,FC Dallas,Philadelphia Union,D,1,1,0.442286,0.399108,0.158607
United States/MLS,,FC Dallas,Portland Timbers,H,2,1,0.84188,0.115421,0.042699
United States/MLS,,FC Dallas,Real Salt Lake,D,2,2,0.576012,0.423988,0.0
United States/MLS,,FC Dallas,San Diego FC,A,2,3,0.1139,0.125913,0.760186
United States/MLS,,FC Dallas,San Jose Earthquakes,H,4,3,0.336312,0.157825,0.505863
United States/MLS,,FC Dallas,Seattle Sounders,D,1,1,0.357855,0.243065,0.39908
United States/MLS,,FC Dallas,Sporting Kansas City,D,2,2,0.891719,0.108281,0.0
United States/MLS,,FC Dallas,St. Louis City,H,2,1,0.901887,0.098113,0.0
United States/MLS,,FC Dallas,Vancouver Whitecaps,D,1,1,0.289233,0.258101,0.452666
United States/MLS,,Houston Dynamo,Atlanta Utd,H,2,1,0.564367,0.262644,0.172989
United States/MLS,,Houston Dynamo,Austin FC,H,3,2,0.650603,0.129483,0.219914
United States/MLS,,Houston Dynamo,CF Montreal,H,3,2,0.426678,0.1403,0.433021
United States/MLS,,Houston Dynamo,Charlotte,D,1,1,0.475581,0.162151,0.362268
United States/MLS,,Houston Dynamo,Colorado Rapids,D,2,2,0.439267,0.407813,0.152921
United States/MLS,,Houston Dynamo,FC Dallas,A,1,2,0.321609,0.231599,0.446793
United States/MLS,,Houston Dynamo,Los Angeles FC,A,1,2,0.502836,0.246851,0.250313
United States/MLS,,Houston Dynamo,Los Angeles Galaxy,D,1,1,0.505542,0.426977,0.06748
United States/MLS,,Houston Dynamo,Minnesota United,D,1,1,0.490406,0.274219,0.235375
United States/MLS,,Houston Dynamo,Portland Timbers,H,2,1,0.760054,0.144411,0.095535
United States/MLS,,Houston Dynamo,Real Salt Lake,A,1,2,0.396787,0.213534,0.389679
United States/MLS,,Houston Dynamo,San Diego FC,D,2,2,0.229582,0.152308,0.61811
United States/MLS,,Houston Dynamo,San Jose Earthquakes,H,3,2,0.388813,0.137163,0.474023
United States/MLS,,Houston Dynamo,Seattle Sounders,A,1,2,0.211627,0.155012,0.633361
United States/MLS,,Houston Dynamo,Sporting Kansas City,A,1,2,0.362967,0.185625,0.451408
United States/MLS,,Houston Dynamo,St. Louis City,H,2,1,0.765671,0.147548,0.086781
United States/MLS,,Houston Dynamo,Vancouver Whitecaps,A,1,2,0.256542,0.233437,0.51002
United States/MLS,,Inter Miami,Atlanta Utd,H,3,1,0.906214,0.093786,0.0
United States/MLS,,Inter Miami,CF Montreal,H,3,2,0.89308,0.094651,0.012269
United States/MLS,,Inter Miami,Charlotte,H,3,2,0.803233,0.196767,0.0
United States/MLS,,Inter Miami,Chicago Fire,H,4,3,0.489051,0.170156,0.340792
United States/MLS,,Inter Miami,Columbus Crew,H,4,1,0.87863,0.12137,0.0
United States/MLS,,Inter Miami,DC United,H,3,2,0.902428,0.097572,0.0
United States/MLS,,Inter Miami,FC Cincinnati,H,3,1,0.599302,0.400698,0.0
United States/MLS,,Inter Miami,Nashville SC,H,3,1,0.916599,0.083401,0.0
United States/MLS,,Inter Miami,New England Revolution,H,3,2,0.853425,0.146575,0.0
United States/MLS,,Inter Miami,New York City,D,4,4,0.780409,0.219591,0.0
United States/MLS,,Inter Miami,New York Red Bulls,H,3,1,0.86738,0.13262,0.0
United States/MLS,,Inter Miami,Orlando City,H,3,2,0.533016,0.162584,0.304399
United States/MLS,,Inter Miami,Philadelphia Union,H,3,2,0.83244,0.16756,0.0
United States/MLS,,Inter Miami,Real Salt Lake,H,4,1,0.853966,0.146034,0.0
United States/MLS,,Inter Miami,San Jose Earthquakes,H,3,2,0.847584,0.152416,0.0
United States/MLS,,Inter Miami,Sporting Kansas City,H,3,2,0.823678,0.176322,0.0
United States/MLS,,Inter Miami,Toronto FC,H,3,1,0.575413,0.424587,0.0
United States/MLS,,Los Angeles FC,Austin FC,H,2,1,0.874627,0.125373,0.0
United States/MLS,,Los Angeles FC,Colorado Rapids,H,3,0,0.892692,0.107308,0.0
United States/MLS,,Los Angeles FC,FC Dallas,H,2,1,0.894423,0.105577,0.0
United States/MLS,,Los Angeles FC,Houston Dynamo,H,2,1,0.828944,0.134459,0.036597
United States/MLS,,Los Angeles FC,Los Angeles Galaxy,H,3,2,0.575584,0.424416,0.0
United States/MLS,,Los Angeles FC,Minnesota United,A,1,2,0.703966,0.181514,0.114519
United States/MLS,,Los Angeles FC,Portland Timbers,H,2,1,0.549204,0.195469,0.255327
United States/MLS,,Los Angeles FC,Real Salt Lake,H,2,1,0.842825,0.157175,0.0
United States/MLS,,Los Angeles FC,San Diego FC,A,2,3,0.289181,0.148413,0.562406
United States/MLS,,Los Angeles FC,San Jose Earthquakes,H,2,1,0.859375,0.140625,0.0
United States/MLS,,Los Angeles FC,Seattle Sounders,H,3,1,0.861322,0.138678,0.0
United States/MLS,,Los Angeles FC,Sporting Kansas City,D,3,3,0.6903,0.3097,0.0
United States/MLS,,Los Angeles FC,St. Louis City,H,3,1,0.562784,0.437216,0.0
United States/MLS,,Los Angeles FC,Toronto FC,H,2,1,0.738001,0.257993,0.004006
United States/MLS,,Los Angeles FC,Vancouver Whitecaps,A,1,2,0.497138,0.196226,0.306636
United States/MLS,,Los Angeles Galaxy,Atlanta Utd,A,2,3,0.722432,0.212776,0.064792
United States/MLS,,Los Angeles Galaxy,Austin FC,H,2,1,0.42934,0.134243,0.436417
United States/MLS,,Los Angeles Galaxy,CF Montreal,H,2,1,0.745715,0.164856,0.08943
United States/MLS,,Los Angeles Galaxy,Charlotte,A,2,3,0.453646,0.233762,0.312592
United States/MLS,,Los Angeles Galaxy,Chicago Fire,H,3,2,0.52208,0.241334,0.236586
United States/MLS,,Los Angeles Galaxy,Colorado Rapids,A,2,3,0.816851,0.09768,0.085468
United States/MLS,,Los Angeles Galaxy,Columbus Crew,A,2,3,0.295034,0.156094,0.548872
United States/MLS,,Los Angeles Galaxy,DC United,D,2,2,0.746969,0.186815,0.066216
United States/MLS,,Los Angeles Galaxy,FC Dallas,H,2,1,0.774569,0.120505,0.104926
United States/MLS,,Los Angeles Galaxy,Houston Dynamo,H,2,1,0.385272,0.422789,0.191939
United States/MLS,,Los Angeles Galaxy,Los Angeles FC,A,2,3,0.315371,0.433678,0.25095
United States/MLS,,Los Angeles Galaxy,Minnesota United,A,2,3,0.742697,0.096815,0.160488
United States/MLS,,Los Angeles Galaxy,Portland Timbers,H,3,2,0.340362,0.14387,0.515768
United States/MLS,,Los Angeles Galaxy,Real Salt Lake,H,2,1,0.716398,0.198281,0.08532
United States/MLS,,Los Angeles Galaxy,San Diego FC,A,1,3,0.10771,0.164099,0.728192
United States/MLS,,Los Angeles Galaxy,San Jose Earthquakes,D,2,2,0.450131,0.142031,0.407838
United States/MLS,,Los Angeles Galaxy,Seattle Sounders,D,1,1,0.280038,0.184219,0.535743
United States/MLS,,Los Angeles Galaxy,Sporting Kansas City,H,3,2,0.826953,0.167452,0.005595
United States/MLS,,Los Angeles Galaxy,St. Louis City,A,1,2,0.26779,0.165288,0.566921
United States/MLS,,Los Angeles Galaxy,Vancouver Whitecaps,H,2,1,0.689091,0.094111,0.216798
United States/MLS,,Minnesota United,Austin FC,H,2,1,0.526665,0.3428,0.130534
United States/MLS,,Minnesota United,Colorado Rapids,H,2,1,0.537241,0.104495,0.358264
United States/MLS,,Minnesota United,FC Dallas,A,1,2,0.485567,0.390484,0.123948
United States/MLS,,Minnesota United,Houston Dynamo,D,2,2,0.726673,0.201959,0.071368
United States/MLS,,Minnesota United,Los Angeles FC,A,1,2,0.228047,0.295421,0.476533
United States/MLS,,Minnesota United,Los Angeles Galaxy,D,2,2,0.468038,0.4575,0.074461
United States/MLS,,Minnesota United,Portland Timbers,D,2,2,0.54517,0.45423,0.000601
United States/MLS,,Minnesota United,Real Salt Lake,A,2,3,0.733964,0.201851,0.064185
United States/MLS,,Minnesota United,San Diego FC,A,2,3,0.289544,0.159014,0.551442
United States/MLS,,Minnesota United,San Jose Earthquakes,H,3,1,0.904159,0.095841,0.0
United States/MLS,,Minnesota United,Seattle Sounders,D,1,1,0.420371,0.555471,0.024158
United States/MLS,,Minnesota United,Sporting Kansas City,H,3,1,0.86795,0.125048,0.007002
United States/MLS,,Minnesota United,St. Louis City,H,3,1,0.917031,0.082969,0.0
United States/MLS,,Minnesota United,Vancouver Whitecaps,H,3,2,0.333853,0.228786,0.437361
United States/MLS,,Nashville SC,Atlanta Utd,H,2,1,0.572821,0.160745,0.266433
United States/MLS,,Nashville SC,CF Montreal,H,2,1,0.846611,0.153389,0.0
United States/MLS,,Nashville SC,Charlotte,H,2,1,0.867812,0.132187,0.0
United States/MLS,,Nashville SC,Chicago Fire,H,4,1,0.848139,0.140733,0.011128
United States/MLS,,Nashville SC,Columbus Crew,H,2,1,0.787653,0.191683,0.020664
United States/MLS,,Nashville SC,DC United,D,2,2,0.557877,0.394319,0.047804
United States/MLS,,Nashville SC,FC Cincinnati,A,2,3,0.402471,0.214399,0.38313
United States/MLS,,Nashville SC,Inter Miami,A,2,3,0.518131,0.100493,0.381376
United States/MLS,,Nashville SC,New York City,H,2,1,0.493987,0.327981,0.178032
United States/MLS,,Nashville SC,New York Red Bulls,H,2,1,0.820757,0.179243,0.0
United States/MLS,,Nashville SC,Orlando City,H,3,2,0.726398,0.213101,0.060501
United States/MLS,,Nashville SC,Philadelphia Union,H,2,1,0.870207,0.118341,0.011452
United States/MLS,,Nashville SC,Real Salt Lake,H,2,1,0.90351,0.09649,0.0
United States/MLS,,Nashville SC,San Jose Earthquakes,D,2,2,0.606294,0.353618,0.040088
United States/MLS,,Nashville SC,Sporting Kansas City,H,3,1,0.797876,0.187031,0.015092
United States/MLS,,Nashville SC,Toronto FC,H,2,1,0.800096,0.199904,0.0
United States/MLS,,New England Revolution,Atlanta Utd,H,2,0,0.840986,0.159014,0.0
United States/MLS,,New England Revolution,CF Montreal,A,1,2,0.421057,0.173293,0.405649
United States/MLS,,New England Revolution,Charlotte,A,1,2,0.245076,0.126671,0.628253
United States/MLS,,New England Revolution,Chicago Fire,H,3,2,0.234925,0.48176,0.283315
United States/MLS,,New England Revolution,Columbus Crew,H,3,2,0.225755,0.251286,0.522959
United States/MLS,,New England Revolution,DC United,H,2,1,0.813766,0.138029,0.048205
United States/MLS,,New England Revolution,FC Cincinnati,H,2,1,0.194273,0.172536,0.633191
United States/MLS,,New England Revolution,Inter Miami,A,1,2,0.190205,0.195361,0.614435
United States/MLS,,New England Revolution,Nashville SC,A,2,3,0.302043,0.198173,0.499784
United States/MLS,,New England Revolution,New York City,H,3,2,0.457395,0.211154,0.331451
United States/MLS,,New England Revolution,New York Red Bulls,H,2,1,0.704192,0.217103,0.078705
United States/MLS,,New England Revolution,Orlando City,A,1,2,0.250496,0.17524,0.574264
United States/MLS,,New England Revolution,Philadelphia Union,H,3,2,0.216245,0.180757,0.602997
United States/MLS,,New England Revolution,San Jose Earthquakes,D,1,1,0.425056,0.402989,0.171955
United States/MLS,,New England Revolution,Sporting Kansas City,H,2,1,0.728522,0.185084,0.086393
United States/MLS,,New England Revolution,Toronto FC,H,2,1,0.415958,0.386542,0.1975
United States/MLS,,New England Revolution,Vancouver Whitecaps,H,2,1,0.480289,0.172212,0.3475
United States/MLS,,New York City,Atlanta Utd,H,2,1,0.824976,0.175024,0.0
United States/MLS,,New York City,CF Montreal,D,1,1,0.403514,0.113149,0.483337
United States/MLS,,New York City,Charlotte,H,2,1,0.678982,0.235276,0.085741
United States/MLS,,New York City,Chicago Fire,H,2,1,0.731557,0.167127,0.101316
United States/MLS,,New York City,Columbus Crew,H,3,2,0.634589,0.216887,0.148524
United States/MLS,,New York City,DC United,H,2,1,0.456602,0.120721,0.422677
United States/MLS,,New York City,FC Cincinnati,H,2,1,0.658975,0.177837,0.163188
United States/MLS,,New York City,Inter Miami,H,4,3,0.273567,0.15274,0.573692
United States/MLS,,New York City,Nashville SC,H,2,1,0.723878,0.1628,0.113321
United States/MLS,,New York City,New England Revolution,H,2,1,0.631144,0.214075,0.154781
United States/MLS,,New York City,New York Red Bulls,H,2,1,0.839038,0.160962,0.0
United States/MLS,,New York City,Orlando City,H,2,1,0.632491,0.207368,0.160141
United States/MLS,,New York City,Philadelphia Union,H,2,1,0.662721,0.122019,0.21526
United States/MLS,,New York City,San Jose Earthquakes,H,3,1,0.83672,0.136082,0.027198
United States/MLS,,New York City,Sporting Kansas City,D,2,2,0.638904,0.234411,0.126685
United States/MLS,,New York City,Toronto FC,A,2,3,0.630198,0.237981,0.131821
United States/MLS,,New York City,Vancouver Whitecaps,D,1,1,0.497998,0.228894,0.273108
United States/MLS,,New York Red Bulls,Atlanta Utd,H,2,1,0.88869,0.11131,0.0
United States/MLS,,New York Red Bulls,CF Montreal,H,2,1,0.766241,0.126671,0.107088
United States/MLS,,New York Red Bulls,Charlotte,D,2,2,0.745062,0.170156,0.084782
United States/MLS,,New York Red Bulls,Chicago Fire,H,3,2,0.606918,0.173401,0.21968
United States/MLS,,New York Red Bulls,Colorado Rapids,D,2,2,0.571714,0.267512,0.160774
United States/MLS,,New York Red Bulls,Columbus Crew,H,2,1,0.32464,0.451519,0.223841
United States/MLS,,New York Red Bulls,DC United,H,2,1,0.591702,0.144303,0.263995
United States/MLS,,New York Red Bulls,FC Cincinnati,A,2,3,0.319707,0.21905,0.461242
United States/MLS,,New York Red Bulls,Inter Miami,A,2,3,0.321513,0.149495,0.528992
United States/MLS,,New York Red Bulls,Nashville SC,H,3,1,0.663818,0.202716,0.133466
United States/MLS,,New York Red Bulls,New England Revolution,H,3,2,0.696152,0.1575,0.146348
United States/MLS,,New York Red Bulls,New York City,A,2,3,0.240346,0.181298,0.578356
United States/MLS,,New York Red Bulls,Orlando City,A,2,3,0.397973,0.374171,0.227856
United States/MLS,,New York Red Bulls,Philadelphia Union,H,2,1,0.615908,0.144195,0.239898
United States/MLS,,New York Red Bulls,Sporting Kansas City,H,2,1,0.665034,0.188978,0.145988
United States/MLS,,New York Red Bulls,Toronto FC,A,2,3,0.771786,0.136623,0.091591
United States/MLS,,New York Red Bulls,Vancouver Whitecaps,H,2,1,0.410898,0.324736,0.264367
United States/MLS,,Orlando City,Atlanta Utd,D,2,2,0.781877,0.18649,0.031633
United States/MLS,,Orlando City,CF Montreal,D,2,2,0.511133,0.488867,0.0
United States/MLS,,Orlando City,Charlotte,H,2,1,0.799458,0.135865,0.064677
United States/MLS,,Orlando City,Chicago Fire,A,2,3,0.292411,0.146358,0.56123
United States/MLS,,Orlando City,Colorado Rapids,H,2,1,0.798365,0.201635,0.0
United States/MLS,,Orlando City,Columbus Crew,H,2,1,0.535001,0.335877,0.129122
United States/MLS,,Orlando City,DC United,H,3,2,0.825138,0.170264,0.004597
United States/MLS,,Orlando City,FC Cincinnati,D,2,2,0.254358,0.138137,0.607505
United States/MLS,,Orlando City,Inter Miami,H,3,1,0.708452,0.137488,0.15406
United States/MLS,,Orlando City,Nashville SC,H,3,1,0.905132,0.094868,0.0
United States/MLS,,Orlando City,New England Revolution,H,3,2,0.416656,0.552858,0.030486
United States/MLS,,Orlando City,New York City,H,3,2,0.358473,0.190276,0.451251
United States/MLS,,Orlando City,Philadelphia Union,A,2,3,0.369298,0.143546,0.487157
United States/MLS,,Orlando City,Sporting Kansas City,H,3,2,0.891935,0.108065,0.0
United States/MLS,,Orlando City,Toronto FC,A,2,3,0.670723,0.283954,0.045322
United States/MLS,,Orlando City,Vancouver Whitecaps,A,1,2,0.202824,0.067284,0.729892
United States/MLS,,Philadelphia Union,Atlanta Utd,H,2,1,0.870409,0.129591,0.0
United States/MLS,,Philadelphia Union,CF Montreal,H,2,1,0.781199,0.183245,0.035556
United States/MLS,,Philadelphia Union,Charlotte,H,2,1,0.747587,0.164856,0.087558
United States/MLS,,Philadelphia Union,Chicago Fire,D,3,3,0.509103,0.482702,0.008195
United States/MLS,,Philadelphia Union,Colorado Rapids,H,2,1,0.889663,0.110337,0.0
United States/MLS,,Philadelphia Union,Columbus Crew,D,2,2,0.419191,0.580809,0.0
United States/MLS,,Philadelphia Union,DC United,H,3,1,0.922332,0.077668,0.0
United States/MLS,,Philadelphia Union,FC Cincinnati,H,2,1,0.562013,0.272813,0.165175
United States/MLS,,Philadelphia Union,Houston Dynamo,H,2,1,0.675381,0.249663,0.074955
United States/MLS,,Philadelphia Union,Inter Miami,H,4,3,0.343634,0.430632,0.225734
United States/MLS,,Philadelphia Union,Nashville SC,H,3,1,0.587079,0.23982,0.173101
United States/MLS,,Philadelphia Union,New England Revolution,H,2,1,0.902428,0.097572,0.0
United States/MLS,,Philadelphia Union,New York City,H,2,1,0.602892,0.103738,0.29337
United States/MLS,,Philadelphia Union,New York Red Bulls,H,2,1,0.813293,0.186707,0.0
United States/MLS,,Philadelphia Union,Orlando City,H,2,1,0.439212,0.537803,0.022985
United States/MLS,,Philadelphia Union,Toronto FC,H,2,1,0.432044,0.519424,0.048532
United States/MLS,,Philadelphia Union,Vancouver Whitecaps,D,1,1,0.42527,0.284495,0.290234
United States/MLS,,Portland Timbers,Austin FC,H,2,1,0.837725,0.112175,0.0501
United States/MLS,,Portland Timbers,Charlotte,H,3,2,0.342507,0.244363,0.41313
United States/MLS,,Portland Timbers,Chicago Fire,H,3,2,0.438578,0.303642,0.25778
United States/MLS,,Portland Timbers,Colorado Rapids,D,2,2,0.860565,0.139435,0.0
United States/MLS,,Portland Timbers,DC United,H,2,1,0.7684,0.207692,0.023908
United States/MLS,,Portland Timbers,FC Cincinnati,D,2,2,0.204449,0.184111,0.61144
United States/MLS,,Portland Timbers,FC Dallas,D,2,2,0.433006,0.513428,0.053565
United States/MLS,,Portland Timbers,Houston Dynamo,A,2,3,0.714504,0.195036,0.09046
United States/MLS,,Portland Timbers,Inter Miami,D,2,2,0.324755,0.289147,0.386099
United States/MLS,,Portland Timbers,Los Angeles FC,H,3,2,0.338494,0.449128,0.212378
United States/MLS,,Portland Timbers,Los Angeles Galaxy,H,2,1,0.673902,0.324952,0.001146
United States/MLS,,Portland Timbers,Minnesota United,D,1,1,0.325822,0.501468,0.17271
United States/MLS,,Portland Timbers,Real Salt Lake,D,2,2,0.811474,0.129483,0.059043
United States/MLS,,Portland Timbers,San Diego FC,D,1,1,0.170596,0.29726,0.532145
United States/MLS,,Portland Timbers,San Jose Earthquakes,H,2,1,0.540177,0.4203,0.039523
United States/MLS,,Portland Timbers,Seattle Sounders,A,2,3,0.495467,0.343233,0.1613
United States/MLS,,Portland Timbers,Sporting Kansas City,D,2,2,0.905998,0.094002,0.0
United States/MLS,,Portland Timbers,St. Louis City,D,2,2,0.784265,0.190493,0.025242
United States/MLS,,Portland Timbers,Vancouver Whitecaps,H,3,2,0.356248,0.19601,0.447743
United States/MLS,,Real Salt Lake,Austin FC,H,2,1,0.810571,0.080481,0.108948
United States/MLS,,Real Salt Lake,Colorado Rapids,H,2,1,0.83234,0.116611,0.051049
United States/MLS,,Real Salt Lake,FC Dallas,A,1,2,0.257231,0.241334,0.501435
United States/MLS,,Real Salt Lake,Houston Dynamo,H,2,1,0.752597,0.166803,0.0806
United States/MLS,,Real Salt Lake,Los Angeles FC,A,1,3,0.153146,0.215697,0.631157
United States/MLS,,Real Salt Lake,Los Angeles Galaxy,H,2,1,0.77334,0.154255,0.072405
United States/MLS,,Real Salt Lake,Minnesota United,H,3,2,0.147378,0.192981,0.659641
United States/MLS,,Real Salt Lake,Portland Timbers,H,2,1,0.491377,0.359459,0.149164
United States/MLS,,Real Salt Lake,San Diego FC,A,2,3,0.251642,0.167344,0.581014
United States/MLS,,Real Salt Lake,San Jose Earthquakes,A,2,3,0.66491,0.165937,0.169153
United States/MLS,,Real Salt Lake,Seattle Sounders,H,2,1,0.732069,0.16345,0.104481
United States/MLS,,Real Salt Lake,Sporting Kansas City,H,2,1,0.915502,0.069988,0.01451
United States/MLS,,Real Salt Lake,St. Louis City,H,2,1,0.919303,0.080697,0.0
United States/MLS,,Real Salt Lake,Vancouver Whitecaps,D,2,2,0.292281,0.20488,0.502839
United States/MLS,,San Diego FC,Austin FC,H,2,1,0.80909,0.082861,0.108049
United States/MLS,,San Diego FC,Colorado Rapids,D,2,2,0.779582,0.088161,0.132257
United States/MLS,,San Diego FC,Columbus Crew,H,3,2,0.460359,0.462053,0.077588
United States/MLS,,San Diego FC,DC United,H,3,2,0.474616,0.269784,0.255601
United States/MLS,,San Diego FC,FC Cincinnati,A,1,2,0.324863,0.326575,0.348563
United States/MLS,,San Diego FC,FC Dallas,H,3,1,0.889339,0.110661,0.0
United States/MLS,,San Diego FC,Houston Dynamo,A,2,3,0.485461,0.121587,0.392952
United States/MLS,,San Diego FC,Inter Miami,A,2,3,0.374604,0.353726,0.27167
United States/MLS,,San Diego FC,Los Angeles FC,H,3,2,0.729238,0.160204,0.110558
United States/MLS,,San Diego FC,Los Angeles Galaxy,H,2,1,0.833089,0.166911,0.0
United States/MLS,,San Diego FC,Minnesota United,H,2,1,0.742828,0.069123,0.188049
United States/MLS,,San Diego FC,Nashville SC,H,2,1,0.84766,0.094976,0.057364
United States/MLS,,San Diego FC,New England Revolution,D,1,1,0.434035,0.285793,0.280172
United States/MLS,,San Diego FC,Portland Timbers,H,2,1,0.859267,0.140733,0.0
United States/MLS,,San Diego FC,Real Salt Lake,A,2,3,0.564977,0.114231,0.320792
United States/MLS,,San Diego FC,San Jose Earthquakes,H,2,1,0.464767,0.09119,0.444043
United States/MLS,,San Diego FC,Seattle Sounders,D,2,2,0.823382,0.095733,0.080885
United States/MLS,,San Diego FC,Sporting Kansas City,H,2,1,0.597011,0.402989,0.0
United States/MLS,,San Diego FC,St. Louis City,H,2,1,0.604723,0.348101,0.047176
United States/MLS,,San Diego FC,Vancouver Whitecaps,D,1,1,0.274423,0.282764,0.442813
United States/MLS,,San Jose Earthquakes,Austin FC,H,3,2,0.692622,0.180325,0.127053
United States/MLS,,San Jose Earthquakes,Colorado Rapids,H,2,1,0.512468,0.160529,0.327003
United States/MLS,,San Jose Earthquakes,FC Dallas,D,2,2,0.428512,0.481839,0.08965
United States/MLS,,San Jose Earthquakes,Houston Dynamo,D,2,2,0.29275,0.512981,0.194269
United States/MLS,,San Jose Earthquakes,Los Angeles FC,A,2,3,0.320944,0.139002,0.540054
United States/MLS,,San Jose Earthquakes,Los Angeles Galaxy,H,2,1,0.374271,0.468101,0.157628
United States/MLS,,San Jose Earthquakes,Minnesota United,A,1,2,0.195424,0.133377,0.671199
United States/MLS,,San Jose Earthquakes,Portland Timbers,D,2,2,0.613344,0.24155,0.145105
United States/MLS,,San Jose Earthquakes,Real Salt Lake,H,3,1,0.80638,0.158798,0.034822
United States/MLS,,San Jose Earthquakes,San Diego FC,A,2,3,0.214116,0.070637,0.715247
United States/MLS,,San Jose Earthquakes,Seattle Sounders,D,2,2,0.384708,0.41278,0.202512
United States/MLS,,San Jose Earthquakes,St. Louis City,H,4,3,0.162026,0.142248,0.695727
United States/MLS,,San Jose Earthquakes,Vancouver Whitecaps,H,3,2,0.718074,0.100493,0.181433
United States/MLS,,Seattle Sounders,Austin FC,H,3,1,0.7877,0.192007,0.020293
United States/MLS,,Seattle Sounders,FC Cincinnati,D,2,2,0.442411,0.30256,0.255029
United States/MLS,,Seattle Sounders,FC Dallas,D,2,2,0.759602,0.194495,0.045903
United States/MLS,,Seattle Sounders,Houston Dynamo,D,2,2,0.677428,0.322572,0.0
United States/MLS,,Seattle Sounders,Inter Miami,A,2,3,0.308146,0.254423,0.437431
United States/MLS,,Seattle Sounders,Los Angeles FC,D,3,3,0.547571,0.293798,0.158631
United States/MLS,,Seattle Sounders,Los Angeles Galaxy,D,3,3,0.537137,0.462863,0.0
United States/MLS,,Seattle Sounders,Minnesota United,H,3,2,0.637415,0.164531,0.198054
United States/MLS,,Seattle Sounders,Nashville SC,A,3,4,0.802618,0.151983,0.045399
United States/MLS,,Seattle Sounders,New England Revolution,D,2,2,0.563936,0.290986,0.145078
United States/MLS,,Seattle Sounders,New York City,H,3,2,0.549499,0.250312,0.200189
United States/MLS,,Seattle Sounders,New York Red Bulls,H,2,1,0.80875,0.19125,0.0
United States/MLS,,Seattle Sounders,Portland Timbers,H,2,1,0.67484,0.226839,0.098321
United States/MLS,,Seattle Sounders,Real Salt Lake,H,2,1,0.861073,0.135,0.003927
United States/MLS,,Seattle Sounders,San Diego FC,H,3,2,0.591301,0.13619,0.272509
United States/MLS,,Seattle Sounders,San Jose Earthquakes,H,3,2,0.820433,0.179567,0.0
United States/MLS,,Seattle Sounders,Sporting Kansas City,H,4,2,0.867912,0.127644,0.004443
United States/MLS,,Seattle Sounders,St. Louis City,H,3,1,0.881875,0.118125,0.0
United States/MLS,,Seattle Sounders,Vancouver Whitecaps,D,2,2,0.396423,0.438559,0.165019
United States/MLS,,Sporting Kansas City,Austin FC,D,1,1,0.37784,0.152632,0.469528
United States/MLS,,Sporting Kansas City,Colorado Rapids,H,3,1,0.866514,0.133486,0.0
United States/MLS,,Sporting Kansas City,FC Dallas,A,2,3,0.406917,0.220673,0.37241
United States/MLS,,Sporting Kansas City,Houston Dynamo,H,2,1,0.301469,0.572303,0.126228
United States/MLS,,Sporting Kansas City,Los Angeles FC,A,1,3,0.139556,0.163341,0.697103
United States/MLS,,Sporting Kansas City,Los Angeles Galaxy,H,2,1,0.763517,0.173618,0.062865
United States/MLS,,Sporting Kansas City,Minnesota United,A,2,3,0.327775,0.30256,0.369665
United States/MLS,,Sporting Kansas City,Portland Timbers,H,3,2,0.335905,0.230733,0.433362
United States/MLS,,Sporting Kansas City,Real Salt Lake,H,2,1,0.322179,0.399903,0.277918
United States/MLS,,Sporting Kansas City,San Diego FC,A,1,2,0.095904,0.107091,0.797004
United States/MLS,,Sporting Kansas City,San Jose Earthquakes,A,2,3,0.494211,0.164964,0.340825
United States/MLS,,Sporting Kansas City,Seattle Sounders,A,2,3,0.335264,0.132945,0.531792
United States/MLS,,Sporting Kansas City,St. Louis City,D,2,2,0.710317,0.244038,0.045645
United States/MLS,,Sporting Kansas City,Vancouver Whitecaps,A,1,2,0.249675,0.105144,0.64518
United States/MLS,,St. Louis City,Austin FC,A,2,3,0.49375,0.090974,0.415277
United States/MLS,,St. Louis City,Colorado Rapids,A,1,2,0.281744,0.480817,0.237439
United States/MLS,,St. Louis City,FC Dallas,D,1,1,0.228347,0.50291,0.268743
United States/MLS,,St. Louis City,Houston Dynamo,H,3,2,0.324556,0.284171,0.391273
United States/MLS,,St. Louis City,Los Angeles FC,A,1,3,0.059979,0.122236,0.817785
United States/MLS,,St. Louis City,Los Angeles Galaxy,H,3,2,0.486097,0.497961,0.015943
United States/MLS,,St. Louis City,Minnesota United,A,1,3,0.141044,0.085349,0.773608
United States/MLS,,St. Louis City,Nashville SC,H,2,1,0.790005,0.080913,0.129082
United States/MLS,,St. Louis City,New England Revolution,H,3,2,0.263979,0.460918,0.275103
United States/MLS,,St. Louis City,New York City,H,3,2,0.608072,0.141923,0.250005
United States/MLS,,St. Louis City,New York Red Bulls,D,1,1,0.468631,0.421331,0.110038
United States/MLS,,St. Louis City,Orlando City,A,1,3,0.106034,0.082969,0.810997
United States/MLS,,St. Louis City,Philadelphia Union,H,3,2,0.186751,0.217103,0.596145
United States/MLS,,St. Louis City,Portland Timbers,H,2,1,0.63715,0.173401,0.189448
United States/MLS,,St. Louis City,Real Salt Lake,H,2,1,0.298809,0.593191,0.108
United States/MLS,,St. Louis City,San Diego FC,A,1,2,0.101372,0.133702,0.764926
United States/MLS,,St. Louis City,San Jose Earthquakes,H,2,1,0.911128,0.069339,0.019533
United States/MLS,,St. Louis City,Seattle Sounders,D,1,1,0.378421,0.128077,0.493502
United States/MLS,,St. Louis City,Sporting Kansas City,D,2,2,0.482352,0.45382,0.063828
United States/MLS,,St. Louis City,Vancouver Whitecaps,A,1,2,0.187053,0.40825,0.404698
United States/MLS,,Toronto FC,Atlanta Utd,D,1,1,0.574217,0.425783,0.0
United States/MLS,,Toronto FC,CF Montreal,D,1,1,0.443617,0.494047,0.062336
United States/MLS,,Toronto FC,Charlotte,A,1,2,0.278258,0.26232,0.459422
United States/MLS,,Toronto FC,Chicago Fire,A,1,2,0.275442,0.274651,0.449907
United States/MLS,,Toronto FC,Colorado Rapids,H,2,1,0.45692,0.286442,0.256638
United States/MLS,,Toronto FC,Columbus Crew,H,2,1,0.296953,0.46108,0.241967
United States/MLS,,Toronto FC,DC United,H,2,1,0.786156,0.159123,0.054721
United States/MLS,,Toronto FC,FC Cincinnati,D,1,1,0.183639,0.264808,0.551553
United States/MLS,,Toronto FC,Houston Dynamo,D,1,1,0.445383,0.331875,0.222742
United States/MLS,,Toronto FC,Inter Miami,D,1,1,0.213897,0.449871,0.336232
United States/MLS,,Toronto FC,Nashville SC,A,1,2,0.269819,0.218942,0.511239
United States/MLS,,Toronto FC,New England Revolution,A,1,2,0.34714,0.289796,0.363065
United States/MLS,,Toronto FC,New York City,H,2,1,0.327468,0.254531,0.418001
United States/MLS,,Toronto FC,New York Red Bulls,D,1,1,0.423042,0.506011,0.070948
United States/MLS,,Toronto FC,Orlando City,D,2,2,0.64958,0.220565,0.129855
United States/MLS,,Toronto FC,Philadelphia Union,D,1,1,0.335027,0.23149,0.433483
United States/MLS,,Toronto FC,Vancouver Whitecaps,D,1,1,0.345432,0.452588,0.20198
United States/MLS,,Vancouver Whitecaps,Austin FC,H,3,1,0.840574,0.154904,0.004522
United States/MLS,,Vancouver Whitecaps,Colorado Rapids,H,2,1,0.834817,0.128618,0.036565
United States/MLS,,Vancouver Whitecaps,FC Dallas,H,2,1,0.434813,0.086647,0.47854
United States/MLS,,Vancouver Whitecaps,Houston Dynamo,D,2,2,0.618539,0.30613,0.075331
United States/MLS,,Vancouver Whitecaps,Los Angeles FC,H,3,2,0.306529,0.601401,0.09207
United States/MLS,,Vancouver Whitecaps,Los Angeles Galaxy,H,3,1,0.749744,0.180325,0.069931
United States/MLS,,Vancouver Whitecaps,Minnesota United,D,2,2,0.430722,0.505105,0.064173
