competition,match_date,home_team,away_team,predicted_result,pred_home_goals,pred_away_goals,prob_home,prob_draw,prob_away
England/Championship,,Birmingham,Blackburn,D,1,1,0.458069,0.301091,0.24084
England/Championship,,Birmingham,Bristol City,D,2,2,0.682313,0.192364,0.125323
England/Championship,,Birmingham,Middlesbrough,H,2,1,0.383727,0.317818,0.298455
England/Championship,,Birmingham,Preston,H,2,1,0.420537,0.359636,0.219826
England/Championship,,Birmingham,QPR,A,2,3,0.473181,0.255091,0.271728
England/Championship,,Birmingham,Sheffield United,H,2,1,0.431907,0.267636,0.300457
England/Championship,,Birmingham,Wrexham,A,1,2,0.323459,0.416794,0.259747
England/Championship,,Blackburn,Coventry,A,1,2,0.108367,0.288545,0.603087
England/Championship,,Blackburn,Leicester,H,3,2,0.417982,0.196545,0.385472
England/Championship,,Blackburn,Middlesbrough,A,1,2,0.323045,0.250909,0.426045
England/Championship,,Blackburn,Portsmouth,D,1,1,0.442892,0.288545,0.268562
England/Championship,,Blackburn,West Brom,H,2,1,0.37693,0.288545,0.334525
England/Championship,,Bristol City,Coventry,H,3,2,0.369515,0.317818,0.312667
England/Championship,,Bristol City,Norwich,A,2,3,0.39049,0.280182,0.329329
England/Championship,,Bristol City,Sheffield United,A,2,3,0.435998,0.259273,0.30473
England/Championship,,Bristol City,Stoke,A,1,2,0.400346,0.213273,0.386381
England/Championship,,Bristol City,Watford,D,1,1,0.312923,0.322,0.365077
England/Championship,,Bristol City,West Brom,H,3,2,0.464127,0.259273,0.276601
England/Championship,,Charlton,Birmingham,H,2,1,0.395914,0.351273,0.252813
England/Championship,,Charlton,Bristol City,A,1,2,0.453835,0.246727,0.299438
England/Championship,,Charlton,Hull,D,1,1,0.350673,0.242545,0.406781
England/Championship,,Charlton,Ipswich,A,1,2,0.331348,0.313636,0.355016
England/Championship,,Charlton,Norwich,A,1,2,0.386642,0.292727,0.32063
England/Championship,,Charlton,Preston,A,1,2,0.190294,0.338727,0.470978
England/Championship,,Charlton,Wrexham,A,1,2,0.125966,0.399239,0.474795
England/Championship,,Coventry,Derby,H,2,1,0.614857,0.217455,0.167688
England/Championship,,Coventry,Portsmouth,H,2,1,0.687348,0.196545,0.116106
England/Championship,,Coventry,Preston,D,1,1,0.310053,0.351273,0.338674
England/Championship,,Coventry,Sheffield Weds,H,3,1,0.701687,0.200727,0.097586
England/Championship,,Coventry,Southampton,H,2,1,0.463118,0.355455,0.181428
England/Championship,,Coventry,Stoke,H,2,1,0.555685,0.234182,0.210133
England/Championship,,Coventry,Wrexham,D,1,1,0.127996,0.467537,0.404467
England/Championship,,Derby,Birmingham,A,1,2,0.446305,0.271818,0.281877
England/Championship,,Derby,Blackburn,A,1,2,0.316177,0.204909,0.478914
England/Championship,,Derby,Oxford,H,3,2,0.1857,0.342909,0.471391
England/Championship,,Derby,Sheffield United,H,3,2,0.395931,0.217455,0.386615
England/Championship,,Derby,Sheffield Weds,D,2,2,0.662667,0.23,0.107333
England/Championship,,Derby,Stoke,H,2,1,0.252585,0.347091,0.400324
England/Championship,,Hull,Birmingham,H,2,1,0.591567,0.217455,0.190978
England/Championship,,Hull,Coventry,A,2,3,0.373333,0.23,0.396667
England/Championship,,Hull,Millwall,H,3,2,0.507112,0.209091,0.283797
England/Championship,,Hull,Norwich,D,2,2,0.346923,0.259273,0.393804
England/Championship,,Hull,Sheffield Weds,D,2,2,0.561077,0.242545,0.196377
England/Championship,,Ipswich,Birmingham,A,2,3,0.670347,0.213273,0.11638
England/Championship,,Ipswich,Hull,A,2,3,0.362855,0.355455,0.28169
England/Championship,,Ipswich,Leicester,D,2,2,0.519468,0.347091,0.133441
England/Championship,,Ipswich,Middlesbrough,A,2,3,0.484583,0.280182,0.235235
England/Championship,,Ipswich,Millwall,A,2,3,0.7144,0.188182,0.097418
England/Championship,,Ipswich,QPR,H,2,1,0.766356,0.150545,0.083099
England/Championship,,Ipswich,Swansea,H,2,1,0.669947,0.209091,0.120963
England/Championship,,Leicester,Bristol City,A,1,2,0.393273,0.250909,0.355818
England/Championship,,Leicester,Hull,H,3,2,0.318794,0.259273,0.421933
England/Championship,,Leicester,Millwall,H,2,1,0.394535,0.192364,0.413101
England/Championship,,Leicester,Norwich,H,3,2,0.424667,0.23,0.345333
England/Championship,,Leicester,Preston,H,2,1,0.396987,0.305273,0.29774
England/Championship,,Leicester,QPR,A,2,3,0.364464,0.238364,0.397172
England/Championship,,Leicester,Swansea,H,2,1,0.663134,0.129636,0.207229
England/Championship,,Middlesbrough,Bristol City,H,2,1,0.376495,0.347091,0.276414
England/Championship,,Middlesbrough,Charlton,H,2,1,0.664512,0.200727,0.134761
England/Championship,,Middlesbrough,Millwall,H,2,1,0.640906,0.196545,0.162549
England/Championship,,Middlesbrough,Portsmouth,D,1,1,0.36498,0.406299,0.228721
England/Championship,,Middlesbrough,Sheffield Weds,H,2,1,0.621458,0.238364,0.140178
England/Championship,,Middlesbrough,Watford,H,2,1,0.482436,0.309455,0.20811
England/Championship,,Millwall,Blackburn,A,1,2,0.230364,0.276,0.493636
England/Championship,,Millwall,Derby,H,3,2,0.449756,0.255091,0.295153
England/Championship,,Millwall,Norwich,D,1,1,0.32241,0.238364,0.439226
England/Championship,,Millwall,Oxford,A,1,2,0.211077,0.376364,0.412559
England/Championship,,Millwall,QPR,H,2,1,0.466667,0.23,0.303333
England/Championship,,Norwich,Derby,A,1,2,0.306877,0.204909,0.488214
England/Championship,,Norwich,Ipswich,H,3,2,0.398727,0.184,0.417273
England/Championship,,Norwich,Portsmouth,A,1,2,0.317944,0.242545,0.439511
England/Championship,,Norwich,Preston,H,2,1,0.290665,0.259273,0.450062
England/Championship,,Norwich,Sheffield United,H,2,1,0.400589,0.217455,0.381957
England/Championship,,Norwich,Swansea,D,1,1,0.420266,0.234182,0.345552
England/Championship,,Oxford,Blackburn,A,1,2,0.362526,0.284364,0.35311
England/Championship,,Oxford,Charlton,A,1,2,0.042405,0.288545,0.66905
England/Championship,,Oxford,Hull,A,1,2,0.240473,0.292727,0.4668
England/Championship,,Oxford,Sheffield Weds,A,1,2,0.54066,0.221636,0.237704
England/Championship,,Oxford,Watford,A,1,2,0.347727,0.184,0.468273
England/Championship,,Oxford,West Brom,A,1,2,0.095065,0.334545,0.57039
England/Championship,,Oxford,Wrexham,A,1,2,0.127909,0.317818,0.554273
England/Championship,,Portsmouth,Birmingham,H,2,1,0.344278,0.209091,0.446631
England/Championship,,Portsmouth,Derby,A,1,2,0.25216,0.234182,0.513659
England/Championship,,Portsmouth,Hull,H,2,1,0.331348,0.313636,0.355016
England/Championship,,Portsmouth,Ipswich,D,1,1,0.16094,0.313636,0.525423
England/Championship,,Portsmouth,Leicester,H,2,1,0.45442,0.313636,0.231944
England/Championship,,Portsmouth,Oxford,H,2,1,0.777212,0.167273,0.055515
England/Championship,,Portsmouth,Swansea,H,2,1,0.61639,0.234182,0.149428
England/Championship,,Preston,Millwall,D,1,1,0.274326,0.309455,0.416219
England/Championship,,Preston,Oxford,H,2,1,0.422224,0.263455,0.314322
England/Championship,,Preston,QPR,A,1,2,0.435998,0.259273,0.30473
England/Championship,,Preston,Southampton,H,2,1,0.419024,0.284364,0.296612
England/Championship,,Preston,Stoke,D,1,1,0.461739,0.288545,0.249716
England/Championship,,Preston,West Brom,H,2,1,0.450492,0.196545,0.352963
England/Championship,,QPR,Bristol City,A,1,2,0.373651,0.309455,0.316894
England/Championship,,QPR,Derby,H,3,2,0.400191,0.284364,0.315445
England/Championship,,QPR,Middlesbrough,D,2,2,0.417506,0.188182,0.394312
England/Championship,,QPR,Portsmouth,D,2,2,0.392884,0.313636,0.29348
England/Championship,,QPR,Sheffield United,A,2,3,0.410218,0.292727,0.297055
England/Championship,,QPR,Swansea,H,2,1,0.391755,0.225818,0.382427
England/Championship,,QPR,Watford,D,2,2,0.442511,0.217455,0.340035
England/Championship,,Sheffield United,Blackburn,H,2,1,0.676534,0.179818,0.143648
England/Championship,,Sheffield United,Hull,H,3,2,0.504263,0.167273,0.328465
England/Championship,,Sheffield United,Preston,H,2,1,0.589482,0.192364,0.218155
England/Championship,,Sheffield United,Swansea,H,2,1,0.646993,0.158909,0.194098
England/Championship,,Sheffield United,West Brom,D,2,2,0.444598,0.309455,0.245948
England/Championship,,Sheffield United,Wrexham,A,1,2,0.126935,0.276,0.597065
England/Championship,,Sheffield Weds,Charlton,A,1,2,0.289948,0.334545,0.375506
England/Championship,,Sheffield Weds,Ipswich,A,1,3,0.135773,0.250909,0.613318
England/Championship,,Sheffield Weds,Leicester,A,1,2,0.206138,0.255091,0.538771
England/Championship,,Sheffield Weds,Southampton,D,1,1,0.171937,0.200727,0.627336
England/Championship,,Sheffield Weds,Watford,A,1,2,0.092993,0.204909,0.702098
England/Championship,,Sheffield Weds,West Brom,D,1,1,0.219899,0.246727,0.533373
England/Championship,,Southampton,Blackburn,H,2,1,0.459902,0.322,0.218098
England/Championship,,Southampton,Bristol City,A,1,2,0.333554,0.271818,0.394628
England/Championship,,Southampton,Derby,A,1,2,0.458069,0.301091,0.24084
England/Championship,,Southampton,Ipswich,D,1,1,0.38026,0.334545,0.285195
England/Championship,,Southampton,Norwich,D,1,1,0.457027,0.288545,0.254427
England/Championship,,Southampton,Oxford,D,1,1,0.132433,0.309455,0.558112
England/Championship,,Stoke,Blackburn,A,1,2,0.546488,0.175636,0.277875
England/Championship,,Stoke,Ipswich,H,2,1,0.413819,0.204909,0.381272
England/Championship,,Stoke,Millwall,A,1,2,0.327419,0.326182,0.346399
England/Championship,,Stoke,Portsmouth,D,2,2,0.686182,0.184,0.129818
England/Championship,,Stoke,Sheffield Weds,H,2,1,0.6231,0.255091,0.121809
England/Championship,,Stoke,Watford,D,1,1,0.437853,0.217455,0.344693
England/Championship,,Swansea,Charlton,H,2,1,0.544199,0.263455,0.192346
England/Championship,,Swansea,Coventry,D,2,2,0.280723,0.246727,0.47255
England/Championship,,Swansea,Middlesbrough,A,2,3,0.311345,0.200727,0.487928
England/Championship,,Swansea,Southampton,A,2,3,0.290468,0.255091,0.454441
England/Championship,,Swansea,Stoke,D,1,1,0.35619,0.330364,0.313447
England/Championship,,Watford,Charlton,D,1,1,0.435282,0.363818,0.2009
England/Championship,,Watford,Coventry,A,2,3,0.32112,0.301091,0.377789
England/Championship,,Watford,Leicester,A,2,3,0.464769,0.267636,0.267594
England/Championship,,Watford,Sheffield United,D,1,1,0.500622,0.246727,0.25265
England/Championship,,Watford,Wrexham,D,1,1,0.228104,0.457619,0.314277
England/Championship,,West Brom,Hull,A,1,2,0.316177,0.204909,0.478914
England/Championship,,West Brom,Ipswich,A,2,3,0.42,0.23,0.35
England/Championship,,West Brom,Millwall,D,1,1,0.214459,0.347091,0.43845
England/Championship,,West Brom,Southampton,A,2,3,0.303441,0.322,0.374559
England/Championship,,West Brom,Watford,H,2,1,0.311513,0.372182,0.316305
England/Championship,,West Brom,Wrexham,H,2,1,0.505647,0.188182,0.306171
England/Championship,,Wrexham,Hull,H,4,3,0.155483,0.288545,0.555971
England/Championship,,Wrexham,Middlesbrough,D,2,2,0.273146,0.40981,0.317044
England/Championship,,Wrexham,Southampton,A,1,3,0.15713,0.342909,0.49996
England/Championship,,Wrexham,Stoke,D,1,1,0.16056,0.301091,0.538349
England/Championship,,Wrexham,Swansea,A,1,2,0.173461,0.259273,0.567266
England/Premier League,,Arsenal,Bournemouth,H,3,1,0.815921,0.087818,0.09626
England/Premier League,,Arsenal,Burnley,H,3,1,0.852218,0.083636,0.064145
England/Premier League,,Arsenal,Chelsea,H,2,1,0.511223,0.313636,0.175141
England/Premier League,,Arsenal,Everton,D,1,1,0.665717,0.259273,0.07501
England/Premier League,,Arsenal,Fulham,H,3,0,0.790256,0.158909,0.050835
England/Premier League,,Arsenal,Newcastle,H,2,1,0.828517,0.125455,0.046029
England/Premier League,,Aston Villa,Chelsea,A,1,2,0.445071,0.255091,0.299838
England/Premier League,,Aston Villa,Liverpool,A,1,2,0.464159,0.192364,0.343478
England/Premier League,,Aston Villa,Sunderland,H,2,0,0.687746,0.200727,0.111526
England/Premier League,,Aston Villa,Tottenham,H,2,1,0.453835,0.246727,0.299438
England/Premier League,,Aston Villa,West Ham,D,1,1,0.480197,0.380545,0.139257
England/Premier League,,Bournemouth,Brentford,H,3,2,0.258387,0.271818,0.469795
England/Premier League,,Bournemouth,Crystal Palace,D,1,1,0.36004,0.317818,0.322141
England/Premier League,,Bournemouth,Leeds,D,2,2,0.462695,0.351273,0.186032
England/Premier League,,Bournemouth,Man City,H,3,2,0.227968,0.209091,0.562941
England/Premier League,,Bournemouth,Man United,D,2,2,0.351145,0.326182,0.322673
England/Premier League,,Bournemouth,Sunderland,H,2,1,0.47452,0.326182,0.199298
England/Premier League,,Brentford,Crystal Palace,A,1,2,0.315445,0.284364,0.400191
England/Premier League,,Brentford,Everton,D,1,1,0.298455,0.317818,0.383727
England/Premier League,,Brentford,Fulham,H,2,1,0.650941,0.150545,0.198514
England/Premier League,,Brentford,West Ham,H,2,1,0.719039,0.188182,0.092779
England/Premier League,,Brentford,Wolves,H,2,0,0.594196,0.246727,0.159076
England/Premier League,,Brighton,Arsenal,H,2,1,0.2277,0.200727,0.571573
England/Premier League,,Brighton,Chelsea,H,2,1,0.389116,0.259273,0.351611
England/Premier League,,Brighton,Liverpool,D,2,2,0.374297,0.246727,0.378976
England/Premier League,,Brighton,Man United,A,2,3,0.456353,0.138,0.405647
England/Premier League,,Brighton,Nott'm Forest,H,2,1,0.543691,0.200727,0.255581
England/Premier League,,Brighton,Wolves,H,2,0,0.604771,0.259273,0.135956
England/Premier League,,Burnley,Aston Villa,D,1,1,0.16056,0.301091,0.538349
England/Premier League,,Burnley,Bournemouth,H,3,2,0.352346,0.271818,0.375836
England/Premier League,,Burnley,Brentford,H,2,1,0.337185,0.154727,0.508087
England/Premier League,,Burnley,Brighton,A,1,2,0.167259,0.359636,0.473104
England/Premier League,,Burnley,Man City,A,1,3,0.091219,0.037636,0.871144
England/Premier League,,Burnley,Wolves,H,2,1,0.491921,0.255091,0.252988
England/Premier League,,Chelsea,Man City,A,2,3,0.309846,0.267636,0.422517
England/Premier League,,Chelsea,Man United,D,2,2,0.426915,0.263455,0.309631
England/Premier League,,Chelsea,Newcastle,A,2,3,0.550667,0.23,0.219333
England/Premier League,,Chelsea,Nott'm Forest,D,2,2,0.54966,0.271818,0.178522
England/Premier League,,Chelsea,Tottenham,D,2,2,0.606287,0.225818,0.167895
England/Premier League,,Crystal Palace,Arsenal,D,1,1,0.079235,0.221636,0.699129
England/Premier League,,Crystal Palace,Everton,D,0,0,0.11863,0.326182,0.555188
England/Premier League,,Crystal Palace,Leeds,D,1,1,0.473181,0.255091,0.271728
England/Premier League,,Crystal Palace,Newcastle,A,1,2,0.2053,0.355455,0.439246
England/Premier League,,Crystal Palace,West Ham,H,2,1,0.420949,0.309455,0.269597
England/Premier League,,Everton,Burnley,H,2,1,0.577244,0.213273,0.209484
England/Premier League,,Everton,Chelsea,H,3,2,0.242976,0.238364,0.51866
England/Premier League,,Everton,Liverpool,H,3,2,0.220494,0.263455,0.516051
England/Premier League,,Everton,Man City,A,1,2,0.199253,0.179818,0.620929
England/Premier League,,Everton,Sunderland,H,2,0,0.659838,0.146364,0.193799
England/Premier League,,Fulham,Aston Villa,D,1,1,0.210404,0.242545,0.547051
England/Premier League,,Fulham,Bournemouth,A,2,3,0.338986,0.284364,0.376651
England/Premier League,,Fulham,Burnley,A,2,3,0.442052,0.334545,0.223403
England/Premier League,,Fulham,Newcastle,A,1,2,0.523332,0.175636,0.301032
England/Premier League,,Fulham,Tottenham,A,2,3,0.533024,0.242545,0.224431
England/Premier League,,Fulham,West Ham,D,2,2,0.323221,0.334545,0.342234
England/Premier League,,Leeds,Brentford,H,2,1,0.39961,0.276,0.32439
England/Premier League,,Leeds,Brighton,A,1,2,0.117045,0.250909,0.632045
England/Premier League,,Leeds,Burnley,H,2,1,0.615614,0.225818,0.158567
England/Premier League,,Leeds,Man City,H,3,2,0.306,0.184,0.51
England/Premier League,,Leeds,Sunderland,H,2,1,0.495848,0.301091,0.203061
England/Premier League,,Leeds,Wolves,H,2,0,0.658417,0.234182,0.107401
England/Premier League,,Liverpool,Brentford,A,2,3,0.672273,0.184,0.143727
England/Premier League,,Liverpool,Chelsea,A,1,2,0.37357,0.234182,0.392248
England/Premier League,,Liverpool,Crystal Palace,H,2,1,0.510661,0.255091,0.234248
England/Premier League,,Liverpool,Fulham,H,2,1,0.708582,0.175636,0.115781
England/Premier League,,Liverpool,Tottenham,H,2,1,0.636262,0.196545,0.167193
England/Premier League,,Liverpool,West Ham,H,2,1,0.676163,0.175636,0.1482
England/Premier League,,Man City,Arsenal,H,2,1,0.347526,0.434029,0.218445
England/Premier League,,Man City,Aston Villa,H,2,1,0.735412,0.112909,0.151679
England/Premier League,,Man City,Brentford,A,2,3,0.790568,0.112909,0.096523
England/Premier League,,Man City,Crystal Palace,H,2,1,0.699703,0.179818,0.120479
England/Premier League,,Man City,Nott'm Forest,H,3,0,0.861382,0.083636,0.054982
England/Premier League,,Man United,Aston Villa,H,2,1,0.711126,0.096182,0.192692
England/Premier League,,Man United,Brentford,H,2,1,0.569957,0.179818,0.250225
England/Premier League,,Man United,Crystal Palace,A,1,2,0.476607,0.238364,0.28503
England/Premier League,,Man United,Leeds,H,2,1,0.716047,0.204909,0.079044
England/Premier League,,Man United,Liverpool,H,2,1,0.595848,0.154727,0.249425
England/Premier League,,Man United,Nott'm Forest,A,2,3,0.57987,0.188182,0.231948
England/Premier League,,Newcastle,Bournemouth,A,2,3,0.301928,0.372182,0.32589
England/Premier League,,Newcastle,Brighton,A,1,2,0.310065,0.271818,0.418117
England/Premier League,,Newcastle,Everton,A,1,2,0.27778,0.284364,0.437856
England/Premier League,,Newcastle,Man United,A,2,3,0.264249,0.296909,0.438842
England/Premier League,,Newcastle,Sunderland,H,2,1,0.460727,0.276,0.263273
England/Premier League,,Newcastle,West Ham,H,3,2,0.618404,0.204909,0.176687
England/Premier League,,Nott'm Forest,Aston Villa,A,1,2,0.191701,0.242545,0.565753
England/Premier League,,Nott'm Forest,Bournemouth,A,1,2,0.149719,0.246727,0.603554
England/Premier League,,Nott'm Forest,Burnley,A,1,2,0.362795,0.288545,0.34866
England/Premier League,,Nott'm Forest,Fulham,D,1,1,0.327727,0.250909,0.421364
England/Premier League,,Nott'm Forest,Newcastle,A,1,2,0.294375,0.238364,0.467262
England/Premier League,,Sunderland,Brighton,D,1,1,0.194554,0.467537,0.337909
England/Premier League,,Sunderland,Chelsea,A,1,2,0.297578,0.204909,0.497513
England/Premier League,,Sunderland,Man United,H,2,1,0.226158,0.288545,0.485297
England/Premier League,,Sunderland,Nott'm Forest,H,2,1,0.70598,0.146364,0.147656
England/Premier League,,Sunderland,Tottenham,D,1,1,0.367294,0.351273,0.281433
England/Premier League,,Tottenham,Brighton,A,1,2,0.346603,0.158909,0.494488
England/Premier League,,Tottenham,Crystal Palace,H,2,1,0.507723,0.217455,0.274823
England/Premier League,,Tottenham,Everton,A,1,2,0.483564,0.204909,0.311527
England/Premier League,,Tottenham,Leeds,H,2,1,0.699975,0.129636,0.170389
England/Premier League,,Tottenham,Nott'm Forest,A,1,2,0.433195,0.217455,0.349351
England/Premier League,,West Ham,Arsenal,A,1,2,0.06987,0.217455,0.712675
England/Premier League,,West Ham,Everton,A,1,2,0.233733,0.351273,0.414995
England/Premier League,,West Ham,Leeds,A,2,3,0.441979,0.209091,0.34893
England/Premier League,,West Ham,Man City,A,1,3,0.046007,0.121273,0.832721
England/Premier League,,West Ham,Wolves,A,1,2,0.574732,0.238364,0.186905
England/Premier League,,Wolves,Aston Villa,A,1,2,0.139912,0.225818,0.634269
England/Premier League,,Wolves,Fulham,A,2,3,0.347922,0.188182,0.463896
England/Premier League,,Wolves,Liverpool,A,1,2,0.055636,0.184,0.760364
England/Premier League,,Wolves,Sunderland,A,1,2,0.190305,0.192364,0.617331
England/Premier League,,Wolves,Tottenham,A,1,2,0.289517,0.234182,0.476302
France/Ligue 1,,Angers,Le Havre,H,2,1,0.512076,0.271818,0.216106
France/Ligue 1,,Angers,Lyon,H,3,2,0.204114,0.188182,0.607704
France/Ligue 1,,Angers,Nice,A,2,3,0.421647,0.255091,0.323262
France/Ligue 1,,Angers,Paris SG,A,1,2,0.092285,0.146364,0.761351
France/Ligue 1,,Angers,Strasbourg,A,1,2,0.254053,0.280182,0.465765
France/Ligue 1,,Auxerre,Angers,D,1,1,0.303948,0.330364,0.365688
France/Ligue 1,,Auxerre,Brest,D,1,1,0.201489,0.450943,0.347568
France/Ligue 1,,Auxerre,Nantes,A,1,2,0.360939,0.330364,0.308698
France/Ligue 1,,Auxerre,Nice,A,2,3,0.467565,0.242545,0.28989
France/Ligue 1,,Auxerre,Strasbourg,H,3,2,0.180424,0.167273,0.652303
France/Ligue 1,,Brest,Angers,D,2,2,0.564313,0.225818,0.209869
France/Ligue 1,,Brest,Le Havre,D,2,2,0.66955,0.204909,0.125541
France/Ligue 1,,Brest,Lens,D,1,1,0.251922,0.334545,0.413532
France/Ligue 1,,Brest,Rennes,A,2,3,0.240144,0.416794,0.343062
France/Ligue 1,,Brest,Strasbourg,H,2,1,0.583858,0.179818,0.236324
France/Ligue 1,,Le Havre,Auxerre,H,1,0,0.650194,0.196545,0.15326
France/Ligue 1,,Le Havre,Lyon,A,1,2,0.260381,0.204909,0.53471
France/Ligue 1,,Le Havre,Marseille,A,1,2,0.110971,0.163091,0.725938
France/Ligue 1,,Le Havre,Metz,D,2,2,0.560268,0.284364,0.155368
France/Ligue 1,,Le Havre,Paris SG,A,1,2,0.083596,0.196545,0.719858
France/Ligue 1,,Lens,Angers,H,2,0,0.774417,0.138,0.087583
France/Ligue 1,,Lens,Metz,D,2,2,0.533727,0.250909,0.215364
France/Ligue 1,,Lens,Nantes,H,2,1,0.800516,0.121273,0.078211
France/Ligue 1,,Lens,Paris SG,D,2,2,0.374052,0.242545,0.383403
France/Ligue 1,,Lens,Toulouse,A,2,3,0.697465,0.154727,0.147807
France/Ligue 1,,Lille,Auxerre,H,2,1,0.506088,0.355455,0.138458
France/Ligue 1,,Lille,Le Havre,H,2,1,0.773282,0.125455,0.101263
France/Ligue 1,,Lille,Lens,D,2,2,0.501869,0.200727,0.297404
France/Ligue 1,,Lille,Lorient,H,2,1,0.662633,0.179818,0.157549
France/Ligue 1,,Lille,Nantes,H,2,1,0.725775,0.209091,0.065134
France/Ligue 1,,Lille,Nice,D,2,2,0.375506,0.334545,0.289948
France/Ligue 1,,Lorient,Auxerre,H,2,1,0.371074,0.338727,0.290199
France/Ligue 1,,Lorient,Le Havre,D,2,2,0.511716,0.267636,0.220648
France/Ligue 1,,Lorient,Lens,D,2,2,0.263273,0.276,0.460727
France/Ligue 1,,Lorient,Marseille,H,4,3,0.315098,0.179818,0.505084
France/Ligue 1,,Lorient,Paris FC,D,2,2,0.511223,0.313636,0.175141
France/Ligue 1,,Lorient,Strasbourg,A,2,3,0.519564,0.188182,0.292255
France/Ligue 1,,Lyon,Auxerre,H,2,0,0.840737,0.108727,0.050536
France/Ligue 1,,Lyon,Lens,D,2,2,0.47623,0.292727,0.231042
France/Ligue 1,,Lyon,Lorient,H,2,0,0.671168,0.171455,0.157377
France/Ligue 1,,Lyon,Monaco,H,2,1,0.727606,0.129636,0.142758
France/Ligue 1,,Lyon,Paris FC,D,1,1,0.444849,0.363818,0.191333
France/Ligue 1,,Lyon,Rennes,H,2,1,0.586554,0.213273,0.200173
France/Ligue 1,,Marseille,Auxerre,H,2,1,0.705625,0.142182,0.152194
France/Ligue 1,,Marseille,Lille,H,3,2,0.598091,0.184,0.217909
France/Ligue 1,,Marseille,Lyon,A,2,3,0.473181,0.255091,0.271728
France/Ligue 1,,Marseille,Metz,H,4,1,0.717772,0.221636,0.060591
France/Ligue 1,,Marseille,Nice,H,3,1,0.766527,0.100364,0.133109
France/Ligue 1,,Marseille,Rennes,H,3,1,0.665479,0.158909,0.175612
France/Ligue 1,,Metz,Brest,H,3,2,0.291929,0.179818,0.528253
France/Ligue 1,,Metz,Lorient,A,1,2,0.243134,0.242545,0.514321
France/Ligue 1,,Metz,Monaco,A,1,2,0.09731,0.179818,0.722872
France/Ligue 1,,Metz,Nantes,A,1,2,0.444953,0.313636,0.241411
France/Ligue 1,,Metz,Paris FC,D,2,2,0.500294,0.242545,0.25716
France/Ligue 1,,Metz,Toulouse,A,1,2,0.074265,0.192364,0.733371
France/Ligue 1,,Monaco,Angers,H,2,1,0.694688,0.175636,0.129675
France/Ligue 1,,Monaco,Auxerre,A,3,4,0.721314,0.163091,0.115595
France/Ligue 1,,Monaco,Brest,H,3,1,0.656581,0.163091,0.180328
France/Ligue 1,,Monaco,Lille,H,3,2,0.474265,0.204909,0.320826
France/Ligue 1,,Monaco,Marseille,H,3,2,0.433728,0.225818,0.340453
France/Ligue 1,,Nantes,Angers,A,1,2,0.426621,0.259273,0.314106
France/Ligue 1,,Nantes,Brest,A,1,2,0.292091,0.184,0.523909
France/Ligue 1,,Nantes,Marseille,H,3,2,0.183091,0.267636,0.549273
France/Ligue 1,,Nantes,Strasbourg,D,1,1,0.236066,0.171455,0.592479
France/Ligue 1,,Nantes,Toulouse,A,1,2,0.335549,0.305273,0.359179
France/Ligue 1,,Nice,Le Havre,D,2,2,0.487949,0.317818,0.194232
France/Ligue 1,,Nice,Lens,A,1,2,0.275222,0.326182,0.398597
France/Ligue 1,,Nice,Metz,A,2,3,0.644455,0.184,0.171545
France/Ligue 1,,Nice,Paris SG,A,2,3,0.19625,0.238364,0.565387
France/Ligue 1,,Nice,Rennes,A,2,3,0.448973,0.305273,0.245754
France/Ligue 1,,Paris FC,Brest,D,2,2,0.391144,0.351273,0.257583
France/Ligue 1,,Paris FC,Le Havre,H,2,1,0.3834,0.372182,0.244418
France/Ligue 1,,Paris FC,Lille,A,1,3,0.098657,0.271818,0.629525
France/Ligue 1,,Paris FC,Monaco,H,2,1,0.604467,0.146364,0.24917
France/Ligue 1,,Paris FC,Nice,D,2,2,0.237459,0.49342,0.26912
France/Ligue 1,,Paris FC,Paris SG,A,1,3,0.131268,0.259273,0.609459
France/Ligue 1,,Paris SG,Brest,D,3,3,0.86534,0.125455,0.009206
France/Ligue 1,,Paris SG,Lorient,H,3,1,0.695069,0.179818,0.125112
France/Ligue 1,,Paris SG,Lyon,H,3,1,0.698195,0.163091,0.138714
France/Ligue 1,,Paris SG,Monaco,A,3,4,0.527311,0.284364,0.188325
France/Ligue 1,,Paris SG,Nantes,H,3,0,0.825123,0.138,0.036877
France/Ligue 1,,Paris SG,Toulouse,H,2,1,0.718395,0.129636,0.151968
France/Ligue 1,,Rennes,Angers,H,2,0,0.76675,0.154727,0.078523
France/Ligue 1,,Rennes,Lille,A,2,3,0.494354,0.284364,0.221282
France/Ligue 1,,Rennes,Metz,D,3,3,0.81853,0.117091,0.064379
France/Ligue 1,,Rennes,Nantes,A,3,4,0.761739,0.150545,0.087715
France/Ligue 1,,Rennes,Paris FC,H,2,1,0.765966,0.146364,0.087671
France/Ligue 1,,Rennes,Toulouse,A,1,2,0.501008,0.188182,0.31081
France/Ligue 1,,Strasbourg,Lens,A,2,3,0.328545,0.342909,0.328545
France/Ligue 1,,Strasbourg,Monaco,D,2,2,0.508667,0.23,0.261333
France/Ligue 1,,Strasbourg,Nice,D,3,3,0.528348,0.242545,0.229107
France/Ligue 1,,Strasbourg,Paris FC,H,2,1,0.795538,0.117091,0.087371
France/Ligue 1,,Strasbourg,Rennes,A,2,3,0.554303,0.217455,0.228242
France/Ligue 1,,Strasbourg,Toulouse,H,2,1,0.667267,0.179818,0.152915
France/Ligue 1,,Toulouse,Lille,H,3,2,0.370364,0.259273,0.370364
France/Ligue 1,,Toulouse,Lorient,H,2,1,0.430069,0.305273,0.264658
France/Ligue 1,,Toulouse,Lyon,D,2,2,0.336213,0.234182,0.429605
France/Ligue 1,,Toulouse,Marseille,D,1,1,0.261836,0.242545,0.495618
France/Ligue 1,,Toulouse,Monaco,A,2,3,0.462,0.23,0.308
France/Ligue 2,,Amiens,Le Mans,D,1,1,0.112593,0.263455,0.623953
France/Ligue 2,,Amiens,Montpellier,D,1,1,0.141126,0.406299,0.452575
France/Ligue 2,,Amiens,Pau FC,H,3,2,0.366966,0.280182,0.352852
France/Ligue 2,,Amiens,Red Star,H,2,1,0.463811,0.255091,0.281098
France/Ligue 2,,Amiens,Troyes,D,1,1,0.098253,0.246727,0.65502
France/Ligue 2,,Annecy,Guingamp,A,2,3,0.551727,0.184,0.264273
France/Ligue 2,,Annecy,Montpellier,D,1,1,0.152235,0.338727,0.509037
France/Ligue 2,,Annecy,Pau FC,H,3,2,0.455161,0.322,0.222839
France/Ligue 2,,Annecy,Rodez,A,1,2,0.239096,0.259273,0.501632
France/Ligue 2,,Annecy,Troyes,H,2,1,0.498698,0.280182,0.221121
France/Ligue 2,,Bastia,Amiens,A,1,2,0.167464,0.423727,0.408809
France/Ligue 2,,Bastia,Annecy,A,1,2,0.3973,0.309455,0.293245
France/Ligue 2,,Bastia,Boulogne,A,1,2,0.08047,0.313636,0.605893
France/Ligue 2,,Bastia,Le Mans,H,3,2,0.154296,0.242545,0.603158
France/Ligue 2,,Bastia,Red Star,D,1,1,0.288288,0.305273,0.406439
France/Ligue 2,,Bastia,St Etienne,A,1,2,0.121809,0.255091,0.6231
France/Ligue 2,,Boulogne,Amiens,H,2,1,0.723711,0.138,0.138289
France/Ligue 2,,Boulogne,Annecy,H,3,2,0.161635,0.48381,0.354555
France/Ligue 2,,Boulogne,Dunkerque,D,1,1,0.189717,0.440833,0.369449
France/Ligue 2,,Boulogne,Le Mans,A,1,3,0.079644,0.255091,0.665265
France/Ligue 2,,Boulogne,Nancy,A,2,3,0.373651,0.309455,0.316894
France/Ligue 2,,Clermont,Bastia,A,1,2,0.197379,0.480581,0.32204
France/Ligue 2,,Clermont,Dunkerque,H,3,2,0.189342,0.313636,0.497022
France/Ligue 2,,Clermont,Guingamp,A,2,3,0.740356,0.117091,0.142553
France/Ligue 2,,Clermont,Nancy,H,2,1,0.592162,0.167273,0.240566
France/Ligue 2,,Clermont,Pau FC,H,2,1,0.305562,0.355455,0.338983
France/Ligue 2,,Clermont,Red Star,D,1,1,0.267052,0.402775,0.330173
France/Ligue 2,,Dunkerque,Grenoble,H,3,2,0.479191,0.271818,0.248991
France/Ligue 2,,Dunkerque,Laval,D,2,2,0.41318,0.330364,0.256456
France/Ligue 2,,Dunkerque,Reims,H,2,1,0.730949,0.167273,0.101778
France/Ligue 2,,Dunkerque,Rodez,D,2,2,0.36538,0.326182,0.308438
France/Ligue 2,,Grenoble,Boulogne,H,2,1,0.362795,0.288545,0.34866
France/Ligue 2,,Grenoble,Clermont,D,1,1,0.424547,0.392127,0.183327
France/Ligue 2,,Grenoble,Le Mans,D,1,1,0.200936,0.416794,0.382269
France/Ligue 2,,Grenoble,St Etienne,H,2,1,0.273274,0.288545,0.438181
France/Ligue 2,,Grenoble,Troyes,D,0,0,0.223792,0.342909,0.433299
France/Ligue 2,,Guingamp,Amiens,D,1,1,0.422224,0.263455,0.314322
France/Ligue 2,,Guingamp,Bastia,D,1,1,0.451003,0.271818,0.277179
France/Ligue 2,,Guingamp,Grenoble,A,2,3,0.381349,0.413309,0.205342
France/Ligue 2,,Guingamp,Reims,A,1,2,0.285783,0.255091,0.459126
France/Ligue 2,,Guingamp,Rodez,H,2,1,0.467044,0.347091,0.185865
France/Ligue 2,,Laval,Boulogne,H,2,1,0.584077,0.238364,0.177559
France/Ligue 2,,Laval,Grenoble,D,0,0,0.162129,0.420267,0.417604
France/Ligue 2,,Laval,Guingamp,A,1,2,0.139014,0.179818,0.681168
France/Ligue 2,,Laval,Nancy,H,2,1,0.726561,0.117091,0.156348
France/Ligue 2,,Laval,Reims,D,1,1,0.0277,0.150545,0.821755
France/Ligue 2,,Laval,Rodez,H,2,1,0.564313,0.225818,0.209869
France/Ligue 2,,Le Mans,Annecy,H,2,1,0.77058,0.146364,0.083057
France/Ligue 2,,Le Mans,Clermont,H,1,0,0.597065,0.276,0.126935
France/Ligue 2,,Le Mans,Pau FC,H,2,1,0.750675,0.179818,0.069507
France/Ligue 2,,Le Mans,Reims,D,1,1,0.133807,0.359636,0.506556
France/Ligue 2,,Montpellier,Clermont,D,2,2,0.445726,0.399239,0.155035
France/Ligue 2,,Montpellier,Grenoble,H,2,1,0.685802,0.179818,0.13438
France/Ligue 2,,Montpellier,Laval,A,2,3,0.830787,0.100364,0.06885
France/Ligue 2,,Montpellier,Reims,H,3,2,0.262182,0.250909,0.486909
France/Ligue 2,,Montpellier,Troyes,D,1,1,0.37278,0.296909,0.330311
France/Ligue 2,,Nancy,Annecy,A,1,2,0.73404,0.150545,0.115415
France/Ligue 2,,Nancy,Dunkerque,D,1,1,0.547773,0.250909,0.201318
France/Ligue 2,,Nancy,Le Mans,A,1,2,0.19897,0.317818,0.483212
France/Ligue 2,,Nancy,Montpellier,A,0,1,0.182,0.23,0.588
France/Ligue 2,,Nancy,St Etienne,H,2,1,0.229563,0.255091,0.515346
France/Ligue 2,,Pau FC,Bastia,H,2,1,0.448279,0.296909,0.254811
France/Ligue 2,,Pau FC,Guingamp,H,4,3,0.356607,0.175636,0.467757
France/Ligue 2,,Pau FC,Montpellier,D,1,1,0.668396,0.138,0.193604
France/Ligue 2,,Pau FC,Nancy,H,2,1,0.463517,0.309455,0.227029
France/Ligue 2,,Pau FC,St Etienne,D,1,1,0.167791,0.221636,0.610573
France/Ligue 2,,Red Star,Bastia,H,2,1,0.226569,0.423727,0.349704
France/Ligue 2,,Red Star,Dunkerque,A,1,3,0.088723,0.234182,0.677095
France/Ligue 2,,Red Star,Guingamp,H,3,1,0.821981,0.104545,0.073473
France/Ligue 2,,Red Star,Laval,H,3,2,0.367506,0.288545,0.343948
France/Ligue 2,,Red Star,Le Mans,A,1,2,0.180569,0.518483,0.300948
France/Ligue 2,,Red Star,Montpellier,A,1,2,0.251502,0.542724,0.205774
France/Ligue 2,,Reims,Boulogne,H,2,1,0.826573,0.104545,0.068881
France/Ligue 2,,Reims,Nancy,H,2,0,0.90984,0.062727,0.027432
France/Ligue 2,,Reims,Pau FC,H,3,2,0.179731,0.309455,0.510814
France/Ligue 2,,Reims,Red Star,D,1,1,0.246973,0.506054,0.246973
France/Ligue 2,,Reims,Rodez,A,1,2,0.349363,0.470817,0.179819
France/Ligue 2,,Rodez,Amiens,H,2,1,0.333603,0.347091,0.319306
France/Ligue 2,,Rodez,Bastia,H,2,1,0.493993,0.280182,0.225825
France/Ligue 2,,Rodez,Grenoble,H,2,1,0.374871,0.326182,0.298948
France/Ligue 2,,Rodez,St Etienne,H,2,1,0.427768,0.204909,0.367323
France/Ligue 2,,Rodez,Troyes,H,2,1,0.458343,0.355455,0.186202
France/Ligue 2,,St Etienne,Amiens,H,2,1,0.52299,0.288545,0.188465
France/Ligue 2,,St Etienne,Annecy,H,3,2,0.514658,0.246727,0.238614
France/Ligue 2,,St Etienne,Dunkerque,A,2,3,0.407869,0.259273,0.332858
France/Ligue 2,,St Etienne,Red Star,A,1,2,0.156207,0.313636,0.530157
France/Ligue 2,,St Etienne,Troyes,D,2,2,0.639333,0.23,0.130667
France/Ligue 2,,Troyes,Boulogne,D,2,2,0.718395,0.129636,0.151968
France/Ligue 2,,Troyes,Clermont,H,2,1,0.574364,0.234182,0.191455
France/Ligue 2,,Troyes,Dunkerque,H,3,2,0.39435,0.267636,0.338014
France/Ligue 2,,Troyes,Laval,H,2,1,0.710957,0.150545,0.138498
Germany/Bundesliga,,Augsburg,Ein Frankfurt,D,2,2,0.282485,0.368,0.349515
Germany/Bundesliga,,Augsburg,FC Koln,H,2,1,0.345273,0.309455,0.345273
Germany/Bundesliga,,Augsburg,Hoffenheim,H,3,2,0.117532,0.276,0.606468
Germany/Bundesliga,,Augsburg,M'gladbach,H,2,1,0.411727,0.246727,0.341546
Germany/Bundesliga,,Augsburg,Stuttgart,H,3,2,0.26503,0.204909,0.530061
Germany/Bundesliga,,Bayern Munich,FC Koln,H,3,1,0.681168,0.179818,0.139014
Germany/Bundesliga,,Bayern Munich,Heidenheim,H,5,1,0.864109,0.112909,0.022982
Germany/Bundesliga,,Bayern Munich,M'gladbach,H,3,1,0.573641,0.225818,0.200541
Germany/Bundesliga,,Bayern Munich,Stuttgart,H,3,2,0.736773,0.179818,0.083408
Germany/Bundesliga,,Bayern Munich,Union Berlin,H,3,1,0.716364,0.104545,0.179091
Germany/Bundesliga,,Dortmund,Augsburg,H,3,1,0.755236,0.129636,0.115127
Germany/Bundesliga,,Dortmund,Bayern Munich,D,1,1,0.234897,0.271818,0.493284
Germany/Bundesliga,,Dortmund,Ein Frankfurt,H,3,1,0.6742,0.204909,0.120891
Germany/Bundesliga,,Dortmund,Freiburg,H,3,1,0.910605,0.071091,0.018304
Germany/Bundesliga,,Dortmund,Hamburg,H,2,1,0.772545,0.117091,0.110364
Germany/Bundesliga,,Dortmund,Leverkusen,H,3,1,0.703569,0.171455,0.124976
Germany/Bundesliga,,Ein Frankfurt,FC Koln,A,2,3,0.36538,0.326182,0.308438
Germany/Bundesliga,,Ein Frankfurt,Freiburg,H,3,2,0.484583,0.280182,0.235235
Germany/Bundesliga,,Ein Frankfurt,Hamburg,A,2,3,0.556402,0.242545,0.201053
Germany/Bundesliga,,Ein Frankfurt,Heidenheim,D,3,3,0.749857,0.171455,0.078689
Germany/Bundesliga,,Ein Frankfurt,RB Leipzig,A,2,3,0.362526,0.284364,0.35311
Germany/Bundesliga,,Ein Frankfurt,Stuttgart,A,2,3,0.325863,0.213273,0.460864
Germany/Bundesliga,,FC Koln,Dortmund,D,1,1,0.103,0.250909,0.646091
Germany/Bundesliga,,FC Koln,Heidenheim,A,2,3,0.377528,0.359636,0.262836
Germany/Bundesliga,,FC Koln,Leverkusen,D,1,1,0.228382,0.221636,0.549981
Germany/Bundesliga,,FC Koln,M'gladbach,H,2,1,0.46934,0.200727,0.329932
Germany/Bundesliga,,FC Koln,Werder Bremen,A,2,3,0.478088,0.313636,0.208276
Germany/Bundesliga,,Freiburg,Bayern Munich,A,1,3,0.079434,0.238364,0.682202
Germany/Bundesliga,,Freiburg,Heidenheim,H,2,1,0.684727,0.217455,0.097818
Germany/Bundesliga,,Freiburg,Leverkusen,D,2,2,0.361236,0.263455,0.37531
Germany/Bundesliga,,Freiburg,RB Leipzig,A,2,3,0.338738,0.280182,0.38108
Germany/Bundesliga,,Freiburg,Union Berlin,A,2,3,0.349853,0.372182,0.277965
Germany/Bundesliga,,Freiburg,Wolfsburg,H,3,2,0.637003,0.204909,0.158088
Germany/Bundesliga,,Hamburg,Augsburg,A,2,3,0.367506,0.288545,0.343948
Germany/Bundesliga,,Hamburg,FC Koln,A,2,3,0.535999,0.221636,0.242365
Germany/Bundesliga,,Hamburg,Freiburg,H,2,1,0.416219,0.309455,0.274326
Germany/Bundesliga,,Hamburg,Hoffenheim,H,3,2,0.307435,0.309455,0.383111
Germany/Bundesliga,,Hamburg,Leverkusen,D,1,1,0.320874,0.296909,0.382217
Germany/Bundesliga,,Hamburg,RB Leipzig,H,2,1,0.271365,0.246727,0.481907
Germany/Bundesliga,,Heidenheim,Hoffenheim,A,1,2,0.118934,0.338727,0.542339
Germany/Bundesliga,,Heidenheim,Leverkusen,A,1,3,0.046029,0.125455,0.828517
Germany/Bundesliga,,Heidenheim,Mainz,D,2,2,0.396373,0.296909,0.306718
Germany/Bundesliga,,Heidenheim,St Pauli,H,2,1,0.289152,0.225818,0.48503
Germany/Bundesliga,,Heidenheim,Union Berlin,H,2,1,0.579033,0.234182,0.186785
Germany/Bundesliga,,Hoffenheim,Dortmund,D,2,2,0.255007,0.301091,0.443902
Germany/Bundesliga,,Hoffenheim,Mainz,H,3,1,0.53163,0.280182,0.188188
Germany/Bundesliga,,Hoffenheim,St Pauli,H,2,1,0.669159,0.200727,0.130114
Germany/Bundesliga,,Hoffenheim,Stuttgart,H,3,2,0.466667,0.23,0.303333
Germany/Bundesliga,,Hoffenheim,Werder Bremen,H,3,1,0.653365,0.179818,0.166817
Germany/Bundesliga,,Hoffenheim,Wolfsburg,H,3,2,0.592479,0.171455,0.236066
Germany/Bundesliga,,Leverkusen,Augsburg,H,3,1,0.84035,0.104545,0.055105
Germany/Bundesliga,,Leverkusen,Bayern Munich,A,1,3,0.177004,0.217455,0.605541
Germany/Bundesliga,,Leverkusen,Hamburg,H,3,1,0.721314,0.163091,0.115595
Germany/Bundesliga,,Leverkusen,Mainz,H,2,1,0.784027,0.142182,0.073791
Germany/Bundesliga,,Leverkusen,RB Leipzig,H,2,1,0.496091,0.184,0.319909
Germany/Bundesliga,,Leverkusen,Wolfsburg,H,2,1,0.691993,0.196545,0.111462
Germany/Bundesliga,,M'gladbach,Dortmund,A,1,2,0.103,0.250909,0.646091
Germany/Bundesliga,,M'gladbach,Heidenheim,H,2,1,0.714805,0.192364,0.092832
Germany/Bundesliga,,M'gladbach,Hoffenheim,A,1,2,0.191153,0.359636,0.44921
Germany/Bundesliga,,M'gladbach,Mainz,H,3,2,0.407318,0.250909,0.341773
Germany/Bundesliga,,M'gladbach,St Pauli,A,2,3,0.575482,0.246727,0.177791
Germany/Bundesliga,,M'gladbach,Union Berlin,A,1,2,0.28989,0.242545,0.467565
Germany/Bundesliga,,Mainz,Bayern Munich,A,1,3,0.148364,0.184,0.667636
Germany/Bundesliga,,Mainz,Ein Frankfurt,H,3,2,0.290711,0.347091,0.362198
Germany/Bundesliga,,Mainz,Freiburg,D,2,2,0.424936,0.234182,0.340882
Germany/Bundesliga,,Mainz,Stuttgart,A,1,2,0.26503,0.204909,0.530061
Germany/Bundesliga,,Mainz,Union Berlin,D,1,1,0.17587,0.334545,0.489584
Germany/Bundesliga,,RB Leipzig,Augsburg,A,3,4,0.829309,0.083636,0.087055
Germany/Bundesliga,,RB Leipzig,Hoffenheim,H,3,2,0.410156,0.221636,0.368208
Germany/Bundesliga,,RB Leipzig,M'gladbach,A,2,3,0.610199,0.217455,0.172346
Germany/Bundesliga,,RB Leipzig,St Pauli,H,2,1,0.643597,0.225818,0.130585
Germany/Bundesliga,,RB Leipzig,Union Berlin,H,2,1,0.572935,0.217455,0.20961
Germany/Bundesliga,,St Pauli,Bayern Munich,A,1,4,0.013802,0.121273,0.864925
Germany/Bundesliga,,St Pauli,Ein Frankfurt,H,4,3,0.142476,0.330364,0.527161
Germany/Bundesliga,,St Pauli,FC Koln,A,1,2,0.311918,0.305273,0.382809
Germany/Bundesliga,,St Pauli,Freiburg,H,2,1,0.390775,0.284364,0.324861
Germany/Bundesliga,,St Pauli,Mainz,D,1,1,0.127309,0.292727,0.579964
Germany/Bundesliga,,St Pauli,Wolfsburg,A,1,2,0.217279,0.427174,0.355547
Germany/Bundesliga,,Stuttgart,Dortmund,D,1,1,0.27411,0.305273,0.420617
Germany/Bundesliga,,Stuttgart,Hamburg,H,2,1,0.631617,0.196545,0.171837
Germany/Bundesliga,,Stuttgart,Leverkusen,H,2,1,0.422517,0.267636,0.309846
Germany/Bundesliga,,Stuttgart,RB Leipzig,H,2,1,0.48414,0.213273,0.302587
Germany/Bundesliga,,Stuttgart,Werder Bremen,A,2,3,0.639333,0.23,0.130667
Germany/Bundesliga,,Stuttgart,Wolfsburg,H,2,1,0.571907,0.204909,0.223183
Germany/Bundesliga,,Union Berlin,Augsburg,A,2,3,0.237868,0.338727,0.423405
Germany/Bundesliga,,Union Berlin,FC Koln,H,2,1,0.713213,0.175636,0.11115
Germany/Bundesliga,,Union Berlin,St Pauli,H,2,1,0.667636,0.184,0.148364
Germany/Bundesliga,,Union Berlin,Werder Bremen,D,2,2,0.508989,0.234182,0.256829
Germany/Bundesliga,,Union Berlin,Wolfsburg,A,1,2,0.360742,0.255091,0.384167
Germany/Bundesliga,,Werder Bremen,Augsburg,H,3,2,0.400589,0.217455,0.381957
Germany/Bundesliga,,Werder Bremen,Dortmund,D,1,1,0.130504,0.221636,0.64786
Germany/Bundesliga,,Werder Bremen,Hamburg,D,1,1,0.423732,0.284364,0.291904
Germany/Bundesliga,,Werder Bremen,Heidenheim,A,2,3,0.424364,0.292727,0.282909
Germany/Bundesliga,,Werder Bremen,Mainz,A,2,3,0.447273,0.284364,0.268364
Germany/Bundesliga,,Werder Bremen,RB Leipzig,A,1,2,0.108785,0.309455,0.581761
Germany/Bundesliga,,Wolfsburg,Bayern Munich,A,1,4,0.041329,0.104545,0.854126
Germany/Bundesliga,,Wolfsburg,Ein Frankfurt,A,3,4,0.291904,0.284364,0.423732
Germany/Bundesliga,,Wolfsburg,Hamburg,H,2,1,0.44921,0.359636,0.191153
Germany/Bundesliga,,Wolfsburg,M'gladbach,D,2,2,0.432832,0.280182,0.286986
Germany/Bundesliga,,Wolfsburg,Werder Bremen,D,2,2,0.358412,0.359636,0.281951
Germany/Bundesliga 2,,Bielefeld,Bochum,D,2,2,0.379616,0.326182,0.294202
Germany/Bundesliga 2,,Bielefeld,Darmstadt,A,2,3,0.58173,0.263455,0.154815
Germany/Bundesliga 2,,Bielefeld,Hannover,A,2,3,0.282697,0.288545,0.428757
Germany/Bundesliga 2,,Bielefeld,Hertha,H,3,2,0.255407,0.309455,0.435138
Germany/Bundesliga 2,,Bielefeld,Nurnberg,D,2,2,0.523672,0.242545,0.233782
Germany/Bundesliga 2,,Bielefeld,Paderborn,H,2,1,0.384685,0.330364,0.284952
Germany/Bundesliga 2,,Bochum,Braunschweig,H,2,1,0.637761,0.213273,0.148966
Germany/Bundesliga 2,,Bochum,Greuther Furth,H,2,1,0.476958,0.301091,0.221951
Germany/Bundesliga 2,,Bochum,Hannover,H,3,2,0.377498,0.296909,0.325592
Germany/Bundesliga 2,,Bochum,Holstein Kiel,A,2,3,0.332727,0.334545,0.332727
Germany/Bundesliga 2,,Bochum,Kaiserslautern,H,2,1,0.423039,0.334545,0.242416
Germany/Bundesliga 2,,Braunschweig,Dresden,H,2,1,0.453569,0.355455,0.190976
Germany/Bundesliga 2,,Braunschweig,Fortuna Dusseldorf,A,1,2,0.119813,0.372182,0.508006
Germany/Bundesliga 2,,Braunschweig,Hertha,D,1,1,0.055965,0.225818,0.718217
Germany/Bundesliga 2,,Braunschweig,Nurnberg,A,1,2,0.195572,0.351273,0.453155
Germany/Bundesliga 2,,Braunschweig,Preußen Münster,D,1,1,0.127561,0.464244,0.408195
Germany/Bundesliga 2,,Darmstadt,Elversberg,A,1,2,0.233187,0.225818,0.540995
Germany/Bundesliga 2,,Darmstadt,Hannover,D,2,2,0.599108,0.196545,0.204347
