competition,match_date,home_team,away_team,predicted_result,pred_home_goals,pred_away_goals,prob_home,prob_draw,prob_away
England/Championship,,Birmingham,Blackburn,D,1,1,0.372727,0.268182,0.359091
England/Championship,,Birmingham,Bristol City,D,2,2,0.65,0.186364,0.163636
England/Championship,,Birmingham,Middlesbrough,D,2,2,0.368182,0.3,0.331818
England/Championship,,Birmingham,Preston,H,2,1,0.395455,0.372727,0.231818
England/Championship,,Birmingham,QPR,H,2,1,0.504545,0.281818,0.213636
England/Championship,,Birmingham,Sheffield United,H,2,1,0.554545,0.218182,0.227273
England/Championship,,Birmingham,Wrexham,D,1,1,0.259091,0.595455,0.145455
England/Championship,,Blackburn,Bristol City,H,2,1,0.25,0.336364,0.413636
England/Championship,,Blackburn,Coventry,D,1,1,0.131818,0.318182,0.55
England/Championship,,Blackburn,Leicester,A,1,2,0.359091,0.231818,0.409091
England/Championship,,Blackburn,Middlesbrough,D,1,1,0.277273,0.327273,0.395455
England/Championship,,Blackburn,Portsmouth,A,1,2,0.486364,0.25,0.263636
England/Championship,,Blackburn,Preston,A,1,2,0.254545,0.345455,0.4
England/Championship,,Blackburn,West Brom,D,1,1,0.390909,0.3,0.309091
England/Championship,,Bristol City,Coventry,A,2,3,0.431818,0.322727,0.245455
England/Championship,,Bristol City,Norwich,A,1,2,0.368182,0.286364,0.345455
England/Championship,,Bristol City,Sheffield United,D,2,2,0.372727,0.354545,0.272727
England/Championship,,Bristol City,Stoke,H,2,1,0.468182,0.236364,0.295455
England/Championship,,Bristol City,Watford,A,1,2,0.336364,0.363636,0.3
England/Championship,,Bristol City,West Brom,A,1,2,0.427273,0.181818,0.390909
England/Championship,,Charlton,Birmingham,D,1,1,0.413636,0.368182,0.218182
England/Championship,,Charlton,Bristol City,H,2,1,0.409091,0.331818,0.259091
England/Championship,,Charlton,Hull,H,3,2,0.3,0.295455,0.404545
England/Championship,,Charlton,Ipswich,A,1,2,0.313636,0.286364,0.4
England/Championship,,Charlton,Norwich,H,2,1,0.536364,0.204545,0.259091
England/Championship,,Charlton,Preston,D,1,1,0.127273,0.318182,0.554545
England/Championship,,Charlton,Wrexham,A,1,2,0.081818,0.45,0.468182
England/Championship,,Coventry,Derby,D,2,2,0.5,0.304545,0.195455
England/Championship,,Coventry,Portsmouth,H,2,1,0.731818,0.154545,0.113636
England/Championship,,Coventry,Preston,H,2,1,0.309091,0.404545,0.286364
England/Championship,,Coventry,Sheffield Weds,D,3,3,0.690909,0.222727,0.086364
England/Championship,,Coventry,Southampton,H,2,1,0.404545,0.381818,0.213636
England/Championship,,Coventry,Stoke,H,2,1,0.586364,0.295455,0.118182
England/Championship,,Coventry,Wrexham,A,1,2,0.177273,0.463636,0.359091
England/Championship,,Derby,Birmingham,A,2,3,0.45,0.272727,0.277273
England/Championship,,Derby,Blackburn,A,1,2,0.290909,0.218182,0.490909
England/Championship,,Derby,Oxford,A,1,2,0.140909,0.386364,0.472727
England/Championship,,Derby,Sheffield United,H,3,2,0.404545,0.290909,0.304545
England/Championship,,Derby,Sheffield Weds,D,2,2,0.6,0.3,0.1
England/Championship,,Derby,Stoke,H,2,1,0.322727,0.295455,0.381818
England/Championship,,Hull,Birmingham,H,2,1,0.595455,0.231818,0.172727
England/Championship,,Hull,Coventry,A,2,3,0.331818,0.327273,0.340909
England/Championship,,Hull,Derby,H,3,2,0.222727,0.272727,0.504545
England/Championship,,Hull,Millwall,A,1,2,0.359091,0.354545,0.286364
England/Championship,,Hull,Norwich,H,3,2,0.404545,0.3,0.295455
England/Championship,,Hull,QPR,H,2,1,0.545455,0.277273,0.177273
England/Championship,,Hull,Sheffield Weds,H,2,1,0.590909,0.277273,0.131818
England/Championship,,Ipswich,Birmingham,H,2,1,0.654545,0.268182,0.077273
England/Championship,,Ipswich,Hull,H,2,1,0.372727,0.390909,0.236364
England/Championship,,Ipswich,Leicester,D,2,2,0.577273,0.272727,0.15
England/Championship,,Ipswich,Middlesbrough,D,2,2,0.459091,0.313636,0.227273
England/Championship,,Ipswich,Millwall,H,2,1,0.609091,0.181818,0.209091
England/Championship,,Ipswich,QPR,D,2,2,0.768182,0.195455,0.036364
England/Championship,,Ipswich,Swansea,H,2,1,0.668182,0.259091,0.072727
England/Championship,,Leicester,Bristol City,D,1,1,0.290909,0.268182,0.440909
England/Championship,,Leicester,Hull,D,1,1,0.309091,0.218182,0.472727
England/Championship,,Leicester,Millwall,A,1,2,0.363636,0.240909,0.395455
England/Championship,,Leicester,Norwich,A,2,3,0.404545,0.272727,0.322727
England/Championship,,Leicester,Preston,H,2,1,0.354545,0.35,0.295455
England/Championship,,Leicester,QPR,H,2,1,0.368182,0.3,0.331818
England/Championship,,Leicester,Swansea,A,2,3,0.677273,0.159091,0.163636
England/Championship,,Middlesbrough,Bristol City,H,2,1,0.359091,0.331818,0.309091
England/Championship,,Middlesbrough,Charlton,D,2,2,0.695455,0.195455,0.109091
England/Championship,,Middlesbrough,Leicester,D,2,2,0.454545,0.368182,0.177273
England/Championship,,Middlesbrough,Millwall,H,2,1,0.609091,0.218182,0.172727
England/Championship,,Middlesbrough,Oxford,H,2,1,0.786364,0.145455,0.068182
England/Championship,,Middlesbrough,Portsmouth,A,1,2,0.381818,0.390909,0.227273
England/Championship,,Middlesbrough,Sheffield Weds,H,2,1,0.654545,0.218182,0.127273
England/Championship,,Middlesbrough,Watford,D,1,1,0.5,0.272727,0.227273
England/Championship,,Millwall,Birmingham,H,2,1,0.472727,0.259091,0.268182
England/Championship,,Millwall,Blackburn,D,1,1,0.204545,0.318182,0.477273
England/Championship,,Millwall,Derby,A,1,2,0.318182,0.281818,0.4
England/Championship,,Millwall,Norwich,H,3,2,0.354545,0.309091,0.336364
England/Championship,,Millwall,Oxford,A,1,2,0.172727,0.372727,0.454545
England/Championship,,Millwall,Portsmouth,H,2,1,0.468182,0.3,0.231818
England/Championship,,Millwall,QPR,A,1,2,0.440909,0.318182,0.240909
England/Championship,,Norwich,Birmingham,H,2,1,0.504545,0.190909,0.304545
England/Championship,,Norwich,Derby,H,3,2,0.254545,0.231818,0.513636
England/Championship,,Norwich,Ipswich,A,1,2,0.354545,0.190909,0.454545
England/Championship,,Norwich,Portsmouth,A,1,2,0.345455,0.272727,0.381818
England/Championship,,Norwich,Preston,H,2,1,0.240909,0.277273,0.481818
England/Championship,,Norwich,Sheffield United,D,1,1,0.354545,0.281818,0.363636
England/Championship,,Norwich,Sheffield Weds,D,1,1,0.454545,0.263636,0.281818
England/Championship,,Norwich,Swansea,D,1,1,0.409091,0.254545,0.336364
England/Championship,,Oxford,Blackburn,A,1,2,0.322727,0.331818,0.345455
England/Championship,,Oxford,Charlton,A,1,2,0.036364,0.268182,0.695455
England/Championship,,Oxford,Hull,A,1,2,0.259091,0.313636,0.427273
England/Championship,,Oxford,Sheffield Weds,A,2,3,0.609091,0.195455,0.195455
England/Championship,,Oxford,Watford,H,2,1,0.313636,0.222727,0.463636
England/Championship,,Oxford,West Brom,A,1,2,0.113636,0.318182,0.568182
England/Championship,,Oxford,Wrexham,A,1,2,0.081818,0.268182,0.65
England/Championship,,Portsmouth,Birmingham,H,2,1,0.336364,0.190909,0.472727
England/Championship,,Portsmouth,Derby,A,1,2,0.240909,0.277273,0.481818
England/Championship,,Portsmouth,Hull,D,1,1,0.290909,0.359091,0.35
England/Championship,,Portsmouth,Ipswich,A,1,2,0.154545,0.35,0.495455
England/Championship,,Portsmouth,Leicester,A,2,3,0.377273,0.340909,0.281818
England/Championship,,Portsmouth,Oxford,H,2,1,0.713636,0.209091,0.077273
England/Championship,,Portsmouth,Swansea,H,2,1,0.536364,0.281818,0.181818
England/Championship,,Preston,Millwall,H,2,1,0.227273,0.359091,0.413636
England/Championship,,Preston,Oxford,D,1,1,0.368182,0.313636,0.318182
England/Championship,,Preston,QPR,D,1,1,0.35,0.327273,0.322727
England/Championship,,Preston,Southampton,A,2,3,0.427273,0.3,0.272727
England/Championship,,Preston,Stoke,D,1,1,0.486364,0.277273,0.236364
England/Championship,,Preston,West Brom,D,1,1,0.390909,0.254545,0.354545
England/Championship,,QPR,Bristol City,H,3,2,0.345455,0.35,0.304545
England/Championship,,QPR,Derby,H,3,2,0.336364,0.331818,0.331818
England/Championship,,QPR,Middlesbrough,H,3,2,0.363636,0.218182,0.418182
England/Championship,,QPR,Portsmouth,D,2,2,0.345455,0.331818,0.322727
England/Championship,,QPR,Sheffield United,H,3,2,0.359091,0.359091,0.281818
England/Championship,,QPR,Swansea,A,2,3,0.340909,0.259091,0.4
England/Championship,,QPR,Watford,H,2,1,0.381818,0.290909,0.327273
England/Championship,,Sheffield United,Blackburn,D,2,2,0.595455,0.231818,0.172727
England/Championship,,Sheffield United,Coventry,D,2,2,0.477273,0.204545,0.318182
England/Championship,,Sheffield United,Hull,D,2,2,0.527273,0.204545,0.268182
England/Championship,,Sheffield United,Preston,H,2,1,0.481818,0.245455,0.272727
England/Championship,,Sheffield United,Sheffield Weds,H,3,1,0.690909,0.231818,0.077273
England/Championship,,Sheffield United,Swansea,H,2,1,0.595455,0.209091,0.195455
England/Championship,,Sheffield United,West Brom,A,2,3,0.472727,0.245455,0.281818
England/Championship,,Sheffield United,Wrexham,D,1,1,0.145455,0.336364,0.518182
England/Championship,,Sheffield Weds,Charlton,H,2,1,0.263636,0.331818,0.404545
England/Championship,,Sheffield Weds,Ipswich,A,1,2,0.1,0.236364,0.663636
England/Championship,,Sheffield Weds,Leicester,A,1,2,0.190909,0.254545,0.554545
England/Championship,,Sheffield Weds,Southampton,A,1,3,0.145455,0.186364,0.668182
England/Championship,,Sheffield Weds,Watford,H,3,2,0.086364,0.227273,0.686364
England/Championship,,Sheffield Weds,West Brom,H,2,1,0.140909,0.327273,0.531818
England/Championship,,Southampton,Blackburn,H,2,1,0.45,0.336364,0.213636
England/Championship,,Southampton,Bristol City,D,1,1,0.3,0.195455,0.504545
England/Championship,,Southampton,Charlton,H,2,1,0.4,0.427273,0.172727
England/Championship,,Southampton,Derby,H,2,1,0.286364,0.395455,0.318182
England/Championship,,Southampton,Ipswich,D,1,1,0.272727,0.404545,0.322727
England/Championship,,Southampton,Norwich,D,1,1,0.395455,0.345455,0.259091
England/Championship,,Southampton,Oxford,D,1,1,0.086364,0.404545,0.509091
England/Championship,,Southampton,QPR,H,2,1,0.686364,0.172727,0.140909
England/Championship,,Stoke,Blackburn,H,2,1,0.659091,0.145455,0.195455
England/Championship,,Stoke,Ipswich,H,2,1,0.522727,0.25,0.227273
England/Championship,,Stoke,Leicester,D,1,1,0.281818,0.259091,0.459091
England/Championship,,Stoke,Millwall,D,1,1,0.318182,0.35,0.331818
England/Championship,,Stoke,Oxford,D,1,1,0.390909,0.404545,0.204545
England/Championship,,Stoke,Portsmouth,H,2,1,0.6,0.259091,0.140909
England/Championship,,Stoke,Sheffield Weds,H,2,1,0.586364,0.295455,0.118182
England/Championship,,Stoke,Watford,H,2,1,0.359091,0.318182,0.322727
England/Championship,,Swansea,Bristol City,H,2,1,0.327273,0.286364,0.386364
England/Championship,,Swansea,Charlton,D,1,1,0.459091,0.277273,0.263636
England/Championship,,Swansea,Coventry,H,3,2,0.404545,0.25,0.345455
England/Championship,,Swansea,Middlesbrough,A,2,3,0.245455,0.159091,0.595455
England/Championship,,Swansea,Preston,A,2,3,0.563636,0.195455,0.240909
England/Championship,,Swansea,Southampton,A,2,3,0.213636,0.277273,0.509091
England/Championship,,Swansea,Stoke,H,2,1,0.318182,0.327273,0.354545
England/Championship,,Watford,Charlton,D,1,1,0.368182,0.427273,0.204545
England/Championship,,Watford,Coventry,D,2,2,0.313636,0.359091,0.327273
England/Championship,,Watford,Derby,H,2,1,0.390909,0.218182,0.390909
England/Championship,,Watford,Ipswich,A,2,3,0.536364,0.218182,0.245455
England/Championship,,Watford,Leicester,H,3,2,0.445455,0.218182,0.336364
England/Championship,,Watford,Sheffield United,A,2,3,0.368182,0.359091,0.272727
England/Championship,,Watford,Wrexham,H,2,1,0.159091,0.631818,0.209091
England/Championship,,West Brom,Charlton,A,1,2,0.25,0.427273,0.322727
England/Championship,,West Brom,Coventry,A,2,3,0.431818,0.25,0.318182
England/Championship,,West Brom,Hull,D,1,1,0.327273,0.254545,0.418182
England/Championship,,West Brom,Ipswich,A,2,3,0.440909,0.277273,0.281818
England/Championship,,West Brom,Millwall,D,1,1,0.231818,0.35,0.418182
England/Championship,,West Brom,Southampton,D,2,2,0.295455,0.336364,0.368182
England/Championship,,West Brom,Watford,H,2,1,0.290909,0.381818,0.327273
England/Championship,,West Brom,Wrexham,H,2,1,0.554545,0.186364,0.259091
England/Championship,,Wrexham,Hull,A,1,3,0.145455,0.3,0.554545
England/Championship,,Wrexham,Ipswich,D,1,1,0.209091,0.459091,0.331818
England/Championship,,Wrexham,Middlesbrough,D,1,1,0.213636,0.459091,0.327273
England/Championship,,Wrexham,Portsmouth,D,1,1,0.209091,0.595455,0.195455
England/Championship,,Wrexham,Southampton,A,1,2,0.15,0.322727,0.527273
England/Championship,,Wrexham,Stoke,D,1,1,0.104545,0.309091,0.586364
England/Championship,,Wrexham,Swansea,D,1,1,0.145455,0.304545,0.55
England/Premier League,,Arsenal,Bournemouth,H,4,1,0.768182,0.127273,0.104545
England/Premier League,,Arsenal,Burnley,H,3,1,0.85,0.113636,0.036364
England/Premier League,,Arsenal,Chelsea,D,2,2,0.377273,0.440909,0.181818
England/Premier League,,Arsenal,Everton,H,2,0,0.663636,0.263636,0.072727
England/Premier League,,Arsenal,Fulham,H,3,1,0.772727,0.177273,0.05
England/Premier League,,Arsenal,Newcastle,H,3,0,0.818182,0.140909,0.040909
England/Premier League,,Aston Villa,Chelsea,A,1,2,0.427273,0.25,0.322727
England/Premier League,,Aston Villa,Leeds,D,2,2,0.559091,0.336364,0.104545
England/Premier League,,Aston Villa,Liverpool,A,1,2,0.381818,0.277273,0.340909
England/Premier League,,Aston Villa,Sunderland,H,2,0,0.595455,0.263636,0.140909
England/Premier League,,Aston Villa,Tottenham,D,1,1,0.45,0.25,0.3
England/Premier League,,Aston Villa,West Ham,H,2,1,0.504545,0.359091,0.136364
England/Premier League,,Bournemouth,Brentford,A,2,3,0.322727,0.318182,0.359091
England/Premier League,,Bournemouth,Crystal Palace,A,1,2,0.263636,0.354545,0.381818
England/Premier League,,Bournemouth,Leeds,D,2,2,0.477273,0.363636,0.159091
England/Premier League,,Bournemouth,Man City,H,3,2,0.222727,0.213636,0.563636
England/Premier League,,Bournemouth,Man United,A,2,3,0.409091,0.340909,0.25
England/Premier League,,Bournemouth,Sunderland,A,1,2,0.454545,0.245455,0.3
England/Premier League,,Brentford,Brighton,A,2,3,0.422727,0.363636,0.213636
England/Premier League,,Brentford,Crystal Palace,A,1,2,0.304545,0.404545,0.290909
England/Premier League,,Brentford,Everton,D,1,1,0.359091,0.440909,0.2
England/Premier League,,Brentford,Fulham,H,2,1,0.559091,0.227273,0.213636
England/Premier League,,Brentford,West Ham,D,2,2,0.709091,0.163636,0.127273
England/Premier League,,Brentford,Wolves,H,2,1,0.536364,0.268182,0.195455
England/Premier League,,Brighton,Arsenal,D,1,1,0.181818,0.313636,0.504545
England/Premier League,,Brighton,Chelsea,A,1,2,0.254545,0.336364,0.409091
England/Premier League,,Brighton,Liverpool,A,2,3,0.35,0.318182,0.331818
England/Premier League,,Brighton,Man United,A,2,3,0.463636,0.259091,0.277273
England/Premier League,,Brighton,Nott'm Forest,D,2,2,0.463636,0.236364,0.3
England/Premier League,,Brighton,Wolves,D,2,2,0.577273,0.327273,0.095455
England/Premier League,,Burnley,Aston Villa,D,1,1,0.127273,0.368182,0.504545
England/Premier League,,Burnley,Bournemouth,D,2,2,0.368182,0.254545,0.377273
England/Premier League,,Burnley,Brentford,A,2,3,0.409091,0.168182,0.422727
England/Premier League,,Burnley,Brighton,A,1,2,0.213636,0.372727,0.413636
England/Premier League,,Burnley,Man City,A,1,2,0.040909,0.072727,0.886364
England/Premier League,,Burnley,Wolves,H,2,1,0.454545,0.331818,0.213636
England/Premier League,,Chelsea,Burnley,A,2,3,0.581818,0.340909,0.077273
England/Premier League,,Chelsea,Man City,A,1,2,0.390909,0.254545,0.354545
England/Premier League,,Chelsea,Man United,A,2,3,0.477273,0.222727,0.3
England/Premier League,,Chelsea,Newcastle,H,2,1,0.531818,0.218182,0.25
England/Premier League,,Chelsea,Nott'm Forest,A,1,2,0.504545,0.268182,0.227273
England/Premier League,,Chelsea,Tottenham,H,2,1,0.622727,0.218182,0.159091
England/Premier League,,Crystal Palace,Arsenal,A,1,2,0.081818,0.227273,0.690909
England/Premier League,,Crystal Palace,Everton,H,3,2,0.136364,0.359091,0.504545
England/Premier League,,Crystal Palace,Leeds,D,1,1,0.354545,0.381818,0.263636
England/Premier League,,Crystal Palace,Newcastle,A,1,2,0.222727,0.345455,0.431818
England/Premier League,,Crystal Palace,West Ham,D,1,1,0.327273,0.3,0.372727
England/Premier League,,Crystal Palace,Wolves,H,2,1,0.540909,0.268182,0.190909
England/Premier League,,Everton,Burnley,H,2,1,0.613636,0.222727,0.163636
England/Premier League,,Everton,Chelsea,D,1,1,0.263636,0.281818,0.454545
England/Premier League,,Everton,Liverpool,D,1,1,0.181818,0.35,0.468182
England/Premier League,,Everton,Man City,A,1,2,0.263636,0.181818,0.554545
England/Premier League,,Everton,Man United,A,1,2,0.231818,0.245455,0.522727
England/Premier League,,Everton,Sunderland,D,2,2,0.604545,0.227273,0.168182
England/Premier League,,Fulham,Aston Villa,D,1,1,0.181818,0.263636,0.554545
England/Premier League,,Fulham,Bournemouth,A,2,3,0.245455,0.381818,0.372727
England/Premier League,,Fulham,Burnley,A,2,3,0.377273,0.309091,0.313636
England/Premier League,,Fulham,Newcastle,H,2,1,0.490909,0.227273,0.281818
England/Premier League,,Fulham,Tottenham,H,2,1,0.477273,0.259091,0.263636
England/Premier League,,Fulham,West Ham,H,3,2,0.359091,0.363636,0.277273
England/Premier League,,Leeds,Brentford,A,2,3,0.4,0.313636,0.286364
England/Premier League,,Leeds,Brighton,A,1,2,0.209091,0.290909,0.5
England/Premier League,,Leeds,Burnley,H,2,1,0.681818,0.204545,0.113636
England/Premier League,,Leeds,Man City,A,2,3,0.263636,0.254545,0.481818
England/Premier League,,Leeds,Sunderland,D,2,2,0.531818,0.2,0.268182
England/Premier League,,Leeds,Wolves,H,2,1,0.577273,0.25,0.172727
England/Premier League,,Liverpool,Brentford,D,2,2,0.613636,0.181818,0.204545
England/Premier League,,Liverpool,Chelsea,D,1,1,0.390909,0.295455,0.313636
England/Premier League,,Liverpool,Crystal Palace,H,2,1,0.436364,0.309091,0.254545
England/Premier League,,Liverpool,Fulham,H,2,1,0.618182,0.236364,0.145455
England/Premier League,,Liverpool,Tottenham,D,2,2,0.622727,0.213636,0.163636
England/Premier League,,Liverpool,West Ham,H,2,1,0.640909,0.268182,0.090909
England/Premier League,,Man City,Arsenal,D,1,1,0.390909,0.409091,0.2
England/Premier League,,Man City,Aston Villa,D,3,3,0.718182,0.140909,0.140909
England/Premier League,,Man City,Brentford,H,2,1,0.672727,0.195455,0.131818
England/Premier League,,Man City,Crystal Palace,H,2,1,0.681818,0.227273,0.090909
England/Premier League,,Man City,Newcastle,H,2,0,0.877273,0.072727,0.05
England/Premier League,,Man City,Nott'm Forest,H,3,0,0.804545,0.122727,0.072727
England/Premier League,,Man United,Aston Villa,D,2,2,0.7,0.1,0.2
England/Premier League,,Man United,Brentford,H,2,1,0.586364,0.218182,0.195455
England/Premier League,,Man United,Crystal Palace,D,1,1,0.486364,0.263636,0.25
England/Premier League,,Man United,Leeds,H,3,1,0.640909,0.277273,0.081818
England/Premier League,,Man United,Liverpool,H,2,1,0.545455,0.231818,0.222727
England/Premier League,,Man United,Nott'm Forest,H,2,1,0.513636,0.245455,0.240909
England/Premier League,,Newcastle,Bournemouth,A,2,3,0.304545,0.35,0.345455
England/Premier League,,Newcastle,Brighton,A,2,3,0.395455,0.286364,0.318182
England/Premier League,,Newcastle,Everton,A,1,2,0.363636,0.295455,0.340909
England/Premier League,,Newcastle,Man United,H,3,2,0.322727,0.309091,0.368182
England/Premier League,,Newcastle,Sunderland,A,2,3,0.45,0.322727,0.227273
England/Premier League,,Newcastle,West Ham,H,2,1,0.595455,0.240909,0.163636
England/Premier League,,Nott'm Forest,Aston Villa,D,1,1,0.195455,0.222727,0.581818
England/Premier League,,Nott'm Forest,Bournemouth,D,1,1,0.104545,0.327273,0.568182
England/Premier League,,Nott'm Forest,Burnley,A,2,3,0.331818,0.368182,0.3
England/Premier League,,Nott'm Forest,Fulham,A,1,2,0.35,0.277273,0.372727
England/Premier League,,Nott'm Forest,Liverpool,H,2,1,0.413636,0.331818,0.254545
England/Premier League,,Nott'm Forest,Newcastle,D,1,1,0.25,0.268182,0.481818
England/Premier League,,Sunderland,Brighton,D,1,1,0.245455,0.486364,0.268182
England/Premier League,,Sunderland,Chelsea,A,1,2,0.240909,0.268182,0.490909
England/Premier League,,Sunderland,Fulham,H,2,1,0.481818,0.318182,0.2
England/Premier League,,Sunderland,Man United,A,1,2,0.195455,0.327273,0.477273
England/Premier League,,Sunderland,Nott'm Forest,H,2,1,0.672727,0.218182,0.109091
England/Premier League,,Sunderland,Tottenham,H,2,1,0.354545,0.359091,0.286364
England/Premier League,,Tottenham,Arsenal,D,1,1,0.181818,0.331818,0.486364
England/Premier League,,Tottenham,Brighton,D,2,2,0.363636,0.254545,0.381818
England/Premier League,,Tottenham,Crystal Palace,D,1,1,0.472727,0.268182,0.259091
England/Premier League,,Tottenham,Everton,H,2,1,0.404545,0.272727,0.322727
England/Premier League,,Tottenham,Leeds,H,2,1,0.668182,0.190909,0.140909
England/Premier League,,Tottenham,Nott'm Forest,A,1,2,0.354545,0.295455,0.35
England/Premier League,,West Ham,Arsenal,A,1,3,0.113636,0.145455,0.740909
England/Premier League,,West Ham,Bournemouth,D,2,2,0.336364,0.359091,0.304545
England/Premier League,,West Ham,Everton,H,2,1,0.277273,0.354545,0.368182
England/Premier League,,West Ham,Leeds,D,2,2,0.368182,0.318182,0.313636
England/Premier League,,West Ham,Man City,A,1,3,0.063636,0.113636,0.822727
England/Premier League,,West Ham,Wolves,D,1,1,0.459091,0.259091,0.281818
England/Premier League,,Wolves,Aston Villa,A,1,2,0.186364,0.25,0.563636
England/Premier League,,Wolves,Fulham,A,1,2,0.254545,0.259091,0.486364
England/Premier League,,Wolves,Liverpool,A,1,3,0.1,0.227273,0.672727
England/Premier League,,Wolves,Sunderland,H,2,1,0.181818,0.286364,0.531818
England/Premier League,,Wolves,Tottenham,D,1,1,0.259091,0.25,0.490909
France/Ligue 1,,Angers,Le Havre,H,2,1,0.431818,0.327273,0.240909
France/Ligue 1,,Angers,Lille,D,2,2,0.359091,0.231818,0.409091
France/Ligue 1,,Angers,Lyon,A,1,2,0.190909,0.209091,0.6
France/Ligue 1,,Angers,Nice,D,2,2,0.527273,0.163636,0.309091
France/Ligue 1,,Angers,Paris SG,A,1,2,0.072727,0.177273,0.75
France/Ligue 1,,Angers,Strasbourg,A,2,3,0.431818,0.263636,0.304545
France/Ligue 1,,Auxerre,Angers,H,2,1,0.277273,0.35,0.372727
France/Ligue 1,,Auxerre,Brest,A,1,2,0.227273,0.413636,0.359091
France/Ligue 1,,Auxerre,Nantes,H,2,1,0.413636,0.290909,0.295455
France/Ligue 1,,Auxerre,Nice,A,2,3,0.445455,0.245455,0.309091
France/Ligue 1,,Auxerre,Rennes,A,2,3,0.45,0.254545,0.295455
France/Ligue 1,,Auxerre,Strasbourg,A,1,2,0.222727,0.25,0.527273
France/Ligue 1,,Brest,Angers,A,2,3,0.527273,0.245455,0.227273
France/Ligue 1,,Brest,Le Havre,H,2,1,0.681818,0.218182,0.1
France/Ligue 1,,Brest,Lens,A,2,3,0.204545,0.409091,0.386364
France/Ligue 1,,Brest,Marseille,A,1,2,0.204545,0.231818,0.563636
France/Ligue 1,,Brest,Rennes,D,2,2,0.313636,0.413636,0.272727
France/Ligue 1,,Brest,Strasbourg,H,2,1,0.563636,0.195455,0.240909
France/Ligue 1,,Le Havre,Auxerre,H,2,1,0.627273,0.277273,0.095455
France/Ligue 1,,Le Havre,Lyon,A,1,2,0.15,0.259091,0.590909
France/Ligue 1,,Le Havre,Marseille,A,1,2,0.113636,0.186364,0.7
France/Ligue 1,,Le Havre,Metz,A,2,3,0.5,0.295455,0.204545
France/Ligue 1,,Le Havre,Paris SG,A,1,2,0.081818,0.163636,0.754545
France/Ligue 1,,Lens,Angers,H,2,0,0.745455,0.2,0.054545
France/Ligue 1,,Lens,Metz,A,2,3,0.527273,0.222727,0.25
France/Ligue 1,,Lens,Monaco,H,2,1,0.609091,0.25,0.140909
France/Ligue 1,,Lens,Nantes,H,2,1,0.7,0.227273,0.072727
France/Ligue 1,,Lens,Paris SG,A,1,2,0.290909,0.331818,0.377273
France/Ligue 1,,Lens,Toulouse,H,2,1,0.590909,0.240909,0.168182
France/Ligue 1,,Lille,Auxerre,D,2,2,0.45,0.318182,0.231818
France/Ligue 1,,Lille,Le Havre,H,2,1,0.718182,0.190909,0.090909
France/Ligue 1,,Lille,Lens,H,3,2,0.490909,0.254545,0.254545
France/Ligue 1,,Lille,Lorient,H,2,1,0.595455,0.218182,0.186364
France/Ligue 1,,Lille,Nantes,H,2,1,0.727273,0.168182,0.104545
France/Ligue 1,,Lille,Nice,H,2,1,0.4,0.359091,0.240909
France/Ligue 1,,Lorient,Auxerre,H,2,1,0.35,0.295455,0.354545
France/Ligue 1,,Lorient,Le Havre,H,2,1,0.477273,0.313636,0.209091
France/Ligue 1,,Lorient,Lens,D,1,1,0.209091,0.277273,0.513636
France/Ligue 1,,Lorient,Marseille,H,4,3,0.236364,0.259091,0.504545
France/Ligue 1,,Lorient,Paris FC,H,2,1,0.563636,0.227273,0.209091
France/Ligue 1,,Lorient,Strasbourg,A,2,3,0.472727,0.272727,0.254545
France/Ligue 1,,Lyon,Auxerre,H,2,0,0.75,0.177273,0.072727
France/Ligue 1,,Lyon,Lens,A,2,3,0.504545,0.277273,0.218182
France/Ligue 1,,Lyon,Lorient,H,2,1,0.622727,0.240909,0.136364
France/Ligue 1,,Lyon,Monaco,A,2,3,0.7,0.186364,0.113636
France/Ligue 1,,Lyon,Paris FC,D,2,2,0.363636,0.395455,0.240909
France/Ligue 1,,Lyon,Rennes,H,2,1,0.6,0.204545,0.195455
France/Ligue 1,,Marseille,Auxerre,H,2,1,0.7,0.163636,0.136364
France/Ligue 1,,Marseille,Lille,H,2,1,0.504545,0.286364,0.209091
France/Ligue 1,,Marseille,Lyon,H,2,1,0.477273,0.218182,0.304545
France/Ligue 1,,Marseille,Metz,H,4,1,0.695455,0.181818,0.122727
France/Ligue 1,,Marseille,Nice,H,3,1,0.659091,0.177273,0.163636
France/Ligue 1,,Marseille,Rennes,H,3,1,0.654545,0.154545,0.190909
France/Ligue 1,,Metz,Brest,A,1,2,0.259091,0.209091,0.531818
France/Ligue 1,,Metz,Lorient,H,2,1,0.254545,0.277273,0.468182
France/Ligue 1,,Metz,Monaco,A,1,2,0.104545,0.231818,0.663636
France/Ligue 1,,Metz,Nantes,H,2,1,0.372727,0.372727,0.254545
France/Ligue 1,,Metz,Paris FC,D,1,1,0.445455,0.340909,0.213636
France/Ligue 1,,Metz,Toulouse,D,1,1,0.109091,0.181818,0.709091
France/Ligue 1,,Monaco,Angers,H,2,1,0.695455,0.172727,0.131818
France/Ligue 1,,Monaco,Auxerre,A,2,3,0.7,0.204545,0.095455
France/Ligue 1,,Monaco,Brest,H,2,1,0.631818,0.168182,0.2
France/Ligue 1,,Monaco,Lille,D,2,2,0.381818,0.295455,0.322727
France/Ligue 1,,Monaco,Marseille,D,2,2,0.395455,0.268182,0.336364
France/Ligue 1,,Nantes,Angers,A,1,2,0.318182,0.281818,0.4
France/Ligue 1,,Nantes,Brest,D,1,1,0.227273,0.259091,0.513636
France/Ligue 1,,Nantes,Le Havre,A,1,2,0.195455,0.377273,0.427273
France/Ligue 1,,Nantes,Marseille,A,1,2,0.181818,0.218182,0.6
France/Ligue 1,,Nantes,Strasbourg,A,1,2,0.245455,0.177273,0.577273
France/Ligue 1,,Nantes,Toulouse,D,1,1,0.218182,0.395455,0.386364
France/Ligue 1,,Nice,Le Havre,H,2,1,0.463636,0.295455,0.240909
France/Ligue 1,,Nice,Lens,A,1,2,0.268182,0.327273,0.404545
France/Ligue 1,,Nice,Lorient,H,2,1,0.459091,0.286364,0.254545
France/Ligue 1,,Nice,Metz,A,3,4,0.631818,0.218182,0.15
France/Ligue 1,,Nice,Paris SG,D,2,2,0.181818,0.186364,0.631818
France/Ligue 1,,Nice,Rennes,D,2,2,0.5,0.259091,0.240909
France/Ligue 1,,Paris FC,Brest,H,3,2,0.359091,0.331818,0.309091
France/Ligue 1,,Paris FC,Le Havre,A,1,2,0.381818,0.413636,0.204545
France/Ligue 1,,Paris FC,Lille,A,1,3,0.090909,0.295455,0.613636
France/Ligue 1,,Paris FC,Monaco,D,2,2,0.663636,0.15,0.186364
France/Ligue 1,,Paris FC,Nice,D,2,2,0.236364,0.540909,0.222727
France/Ligue 1,,Paris FC,Paris SG,A,1,2,0.1,0.222727,0.677273
France/Ligue 1,,Paris SG,Brest,H,3,0,0.881818,0.095455,0.022727
France/Ligue 1,,Paris SG,Lorient,H,3,0,0.709091,0.195455,0.095455
France/Ligue 1,,Paris SG,Lyon,H,2,1,0.613636,0.195455,0.190909
France/Ligue 1,,Paris SG,Metz,H,4,1,0.95,0.040909,0.009091
France/Ligue 1,,Paris SG,Monaco,H,3,1,0.609091,0.3,0.090909
France/Ligue 1,,Paris SG,Nantes,H,2,1,0.827273,0.140909,0.031818
France/Ligue 1,,Paris SG,Toulouse,H,2,0,0.763636,0.118182,0.118182
France/Ligue 1,,Rennes,Angers,A,2,3,0.727273,0.168182,0.104545
France/Ligue 1,,Rennes,Lille,D,2,2,0.440909,0.281818,0.277273
France/Ligue 1,,Rennes,Metz,H,4,1,0.759091,0.131818,0.109091
France/Ligue 1,,Rennes,Nantes,H,3,1,0.672727,0.195455,0.131818
France/Ligue 1,,Rennes,Paris FC,D,2,2,0.731818,0.154545,0.113636
France/Ligue 1,,Rennes,Toulouse,H,2,1,0.5,0.204545,0.295455
France/Ligue 1,,Strasbourg,Lens,A,2,3,0.313636,0.309091,0.377273
France/Ligue 1,,Strasbourg,Lyon,A,1,2,0.313636,0.25,0.436364
France/Ligue 1,,Strasbourg,Monaco,D,2,2,0.431818,0.254545,0.313636
France/Ligue 1,,Strasbourg,Nice,D,3,3,0.486364,0.327273,0.186364
France/Ligue 1,,Strasbourg,Paris FC,H,2,1,0.85,0.077273,0.072727
France/Ligue 1,,Strasbourg,Rennes,H,2,1,0.490909,0.268182,0.240909
France/Ligue 1,,Strasbourg,Toulouse,D,2,2,0.65,0.2,0.15
France/Ligue 1,,Toulouse,Lille,A,2,3,0.422727,0.304545,0.272727
France/Ligue 1,,Toulouse,Lorient,A,2,3,0.413636,0.345455,0.240909
France/Ligue 1,,Toulouse,Lyon,H,3,2,0.3,0.213636,0.486364
France/Ligue 1,,Toulouse,Marseille,D,1,1,0.254545,0.254545,0.490909
France/Ligue 1,,Toulouse,Monaco,A,2,3,0.45,0.340909,0.209091
France/Ligue 1,,Toulouse,Paris FC,H,2,1,0.654545,0.227273,0.118182
France/Ligue 2,,Amiens,Le Mans,A,1,2,0.068182,0.268182,0.663636
France/Ligue 2,,Amiens,Montpellier,D,1,1,0.095455,0.377273,0.527273
France/Ligue 2,,Amiens,Pau FC,A,1,2,0.277273,0.281818,0.440909
France/Ligue 2,,Amiens,Red Star,H,2,1,0.459091,0.295455,0.245455
France/Ligue 2,,Amiens,Troyes,A,1,2,0.118182,0.25,0.631818
France/Ligue 2,,Annecy,Guingamp,H,2,1,0.481818,0.290909,0.227273
France/Ligue 2,,Annecy,Montpellier,D,1,1,0.122727,0.368182,0.509091
France/Ligue 2,,Annecy,Pau FC,H,2,1,0.459091,0.35,0.190909
France/Ligue 2,,Annecy,Red Star,A,1,2,0.481818,0.268182,0.25
France/Ligue 2,,Annecy,Rodez,A,1,2,0.190909,0.286364,0.522727
France/Ligue 2,,Annecy,Troyes,H,2,1,0.486364,0.263636,0.25
France/Ligue 2,,Bastia,Amiens,D,1,1,0.140909,0.390909,0.468182
France/Ligue 2,,Bastia,Annecy,H,2,1,0.381818,0.35,0.268182
France/Ligue 2,,Bastia,Boulogne,D,1,1,0.05,0.359091,0.590909
France/Ligue 2,,Bastia,Le Mans,D,1,1,0.054545,0.268182,0.677273
France/Ligue 2,,Bastia,Red Star,H,2,1,0.327273,0.290909,0.381818
France/Ligue 2,,Bastia,St Etienne,D,1,1,0.163636,0.304545,0.531818
France/Ligue 2,,Boulogne,Amiens,H,2,1,0.759091,0.140909,0.1
France/Ligue 2,,Boulogne,Annecy,D,1,1,0.154545,0.568182,0.277273
France/Ligue 2,,Boulogne,Clermont,D,1,1,0.15,0.663636,0.186364
France/Ligue 2,,Boulogne,Dunkerque,D,1,1,0.118182,0.572727,0.309091
France/Ligue 2,,Boulogne,Le Mans,H,3,2,0.063636,0.190909,0.745455
France/Ligue 2,,Boulogne,Nancy,D,1,1,0.363636,0.318182,0.318182
France/Ligue 2,,Clermont,Bastia,H,2,1,0.154545,0.522727,0.322727
France/Ligue 2,,Clermont,Dunkerque,A,1,2,0.204545,0.327273,0.468182
France/Ligue 2,,Clermont,Guingamp,H,3,1,0.654545,0.227273,0.118182
France/Ligue 2,,Clermont,Nancy,A,1,2,0.454545,0.281818,0.263636
France/Ligue 2,,Clermont,Pau FC,A,1,2,0.172727,0.359091,0.468182
France/Ligue 2,,Clermont,Red Star,D,1,1,0.209091,0.459091,0.331818
France/Ligue 2,,Dunkerque,Bastia,H,2,1,0.445455,0.268182,0.286364
France/Ligue 2,,Dunkerque,Grenoble,A,2,3,0.468182,0.345455,0.186364
France/Ligue 2,,Dunkerque,Laval,H,2,1,0.486364,0.277273,0.236364
France/Ligue 2,,Dunkerque,Reims,D,2,2,0.763636,0.163636,0.072727
France/Ligue 2,,Dunkerque,Rodez,A,2,3,0.359091,0.309091,0.331818
France/Ligue 2,,Grenoble,Boulogne,A,1,2,0.272727,0.295455,0.431818
France/Ligue 2,,Grenoble,Clermont,A,1,2,0.372727,0.45,0.177273
France/Ligue 2,,Grenoble,Le Mans,D,1,1,0.240909,0.35,0.409091
France/Ligue 2,,Grenoble,St Etienne,A,1,2,0.309091,0.295455,0.395455
France/Ligue 2,,Grenoble,Troyes,D,1,1,0.218182,0.377273,0.404545
France/Ligue 2,,Guingamp,Amiens,H,3,2,0.35,0.318182,0.331818
France/Ligue 2,,Guingamp,Bastia,A,1,2,0.4,0.336364,0.263636
France/Ligue 2,,Guingamp,Grenoble,H,3,2,0.295455,0.518182,0.186364
France/Ligue 2,,Guingamp,Reims,D,1,1,0.222727,0.290909,0.486364
France/Ligue 2,,Guingamp,Rodez,D,2,2,0.418182,0.404545,0.177273
France/Ligue 2,,Laval,Boulogne,H,2,1,0.677273,0.177273,0.145455
France/Ligue 2,,Laval,Grenoble,D,1,1,0.118182,0.472727,0.409091
France/Ligue 2,,Laval,Guingamp,A,1,2,0.113636,0.181818,0.704545
France/Ligue 2,,Laval,Nancy,H,2,1,0.786364,0.15,0.063636
France/Ligue 2,,Laval,Reims,A,1,4,0.018182,0.145455,0.836364
France/Ligue 2,,Laval,Rodez,H,2,1,0.604545,0.163636,0.231818
France/Ligue 2,,Le Mans,Annecy,H,2,1,0.759091,0.159091,0.081818
France/Ligue 2,,Le Mans,Clermont,H,1,0,0.659091,0.204545,0.136364
France/Ligue 2,,Le Mans,Guingamp,A,1,2,0.427273,0.286364,0.286364
France/Ligue 2,,Le Mans,Pau FC,H,2,1,0.686364,0.204545,0.109091
France/Ligue 2,,Le Mans,Reims,D,1,1,0.136364,0.418182,0.445455
France/Ligue 2,,Montpellier,Clermont,H,2,1,0.4,0.409091,0.190909
France/Ligue 2,,Montpellier,Grenoble,H,2,1,0.663636,0.190909,0.145455
France/Ligue 2,,Montpellier,Laval,H,2,1,0.731818,0.172727,0.095455
France/Ligue 2,,Montpellier,Reims,H,3,2,0.322727,0.231818,0.445455
France/Ligue 2,,Montpellier,Troyes,H,2,1,0.472727,0.309091,0.218182
France/Ligue 2,,Nancy,Annecy,H,2,1,0.709091,0.154545,0.136364
France/Ligue 2,,Nancy,Dunkerque,H,2,1,0.536364,0.245455,0.218182
France/Ligue 2,,Nancy,Grenoble,D,1,1,0.2,0.272727,0.527273
France/Ligue 2,,Nancy,Le Mans,D,1,1,0.190909,0.313636,0.495455
France/Ligue 2,,Nancy,Montpellier,D,0,0,0.181818,0.2,0.618182
France/Ligue 2,,Nancy,St Etienne,A,1,2,0.2,0.222727,0.577273
France/Ligue 2,,Pau FC,Bastia,A,1,2,0.368182,0.345455,0.286364
France/Ligue 2,,Pau FC,Guingamp,D,2,2,0.272727,0.245455,0.481818
France/Ligue 2,,Pau FC,Montpellier,D,1,1,0.718182,0.127273,0.154545
France/Ligue 2,,Pau FC,Nancy,D,2,2,0.486364,0.363636,0.15
France/Ligue 2,,Pau FC,St Etienne,A,1,2,0.145455,0.209091,0.645455
France/Ligue 2,,Red Star,Bastia,D,1,1,0.163636,0.418182,0.418182
France/Ligue 2,,Red Star,Dunkerque,D,1,1,0.077273,0.263636,0.659091
France/Ligue 2,,Red Star,Guingamp,H,3,1,0.804545,0.122727,0.072727
France/Ligue 2,,Red Star,Laval,A,1,2,0.354545,0.3,0.345455
France/Ligue 2,,Red Star,Le Mans,D,1,1,0.172727,0.568182,0.259091
France/Ligue 2,,Red Star,Montpellier,H,2,1,0.145455,0.622727,0.231818
France/Ligue 2,,Reims,Amiens,A,1,2,0.163636,0.404545,0.431818
France/Ligue 2,,Reims,Boulogne,H,2,1,0.8,0.113636,0.086364
France/Ligue 2,,Reims,Nancy,H,2,0,0.922727,0.040909,0.036364
France/Ligue 2,,Reims,Pau FC,A,1,2,0.104545,0.295455,0.6
France/Ligue 2,,Reims,Red Star,D,1,1,0.195455,0.577273,0.227273
France/Ligue 2,,Reims,Rodez,A,2,3,0.322727,0.468182,0.209091
France/Ligue 2,,Rodez,Amiens,A,1,2,0.336364,0.418182,0.245455
France/Ligue 2,,Rodez,Bastia,H,1,0,0.463636,0.340909,0.195455
France/Ligue 2,,Rodez,Grenoble,D,1,1,0.368182,0.363636,0.268182
France/Ligue 2,,Rodez,Montpellier,A,1,2,0.081818,0.327273,0.590909
France/Ligue 2,,Rodez,St Etienne,H,2,1,0.368182,0.268182,0.363636
France/Ligue 2,,Rodez,Troyes,H,2,1,0.5,0.281818,0.218182
France/Ligue 2,,St Etienne,Amiens,H,3,2,0.518182,0.322727,0.159091
France/Ligue 2,,St Etienne,Annecy,D,2,2,0.372727,0.231818,0.395455
France/Ligue 2,,St Etienne,Dunkerque,D,1,1,0.322727,0.354545,0.322727
France/Ligue 2,,St Etienne,Laval,D,2,2,0.577273,0.240909,0.181818
France/Ligue 2,,St Etienne,Red Star,A,1,2,0.140909,0.218182,0.640909
France/Ligue 2,,St Etienne,Troyes,H,2,1,0.681818,0.172727,0.145455
France/Ligue 2,,Troyes,Boulogne,H,2,1,0.8,0.109091,0.090909
France/Ligue 2,,Troyes,Clermont,H,2,1,0.531818,0.290909,0.177273
France/Ligue 2,,Troyes,Dunkerque,A,1,2,0.354545,0.286364,0.359091
France/Ligue 2,,Troyes,Laval,D,2,2,0.709091,0.195455,0.095455
France/Ligue 2,,Troyes,Pau FC,H,2,1,0.718182,0.190909,0.090909
Germany/Bundesliga,,Augsburg,Ein Frankfurt,D,2,2,0.272727,0.336364,0.390909
Germany/Bundesliga,,Augsburg,FC Koln,D,1,1,0.272727,0.359091,0.368182
Germany/Bundesliga,,Augsburg,Hoffenheim,A,1,2,0.109091,0.209091,0.681818
Germany/Bundesliga,,Augsburg,M'gladbach,H,2,1,0.290909,0.327273,0.381818
Germany/Bundesliga,,Augsburg,Stuttgart,H,3,2,0.2,0.231818,0.568182
Germany/Bundesliga,,Bayern Munich,Ein Frankfurt,H,5,1,0.686364,0.213636,0.1
Germany/Bundesliga,,Bayern Munich,FC Koln,H,3,1,0.640909,0.204545,0.154545
Germany/Bundesliga,,Bayern Munich,Heidenheim,H,5,1,0.845455,0.095455,0.059091
Germany/Bundesliga,,Bayern Munich,M'gladbach,A,3,4,0.618182,0.222727,0.159091
Germany/Bundesliga,,Bayern Munich,Stuttgart,H,3,1,0.731818,0.168182,0.1
Germany/Bundesliga,,Bayern Munich,Union Berlin,H,3,1,0.65,0.186364,0.163636
Germany/Bundesliga,,Dortmund,Augsburg,A,3,4,0.768182,0.131818,0.1
Germany/Bundesliga,,Dortmund,Bayern Munich,A,1,2,0.3,0.290909,0.409091
Germany/Bundesliga,,Dortmund,Ein Frankfurt,H,3,2,0.681818,0.172727,0.145455
Germany/Bundesliga,,Dortmund,Freiburg,H,3,0,0.922727,0.045455,0.031818
Germany/Bundesliga,,Dortmund,Hamburg,H,2,1,0.781818,0.154545,0.063636
Germany/Bundesliga,,Dortmund,Leverkusen,D,3,3,0.654545,0.209091,0.136364
Germany/Bundesliga,,Ein Frankfurt,FC Koln,D,2,2,0.4,0.318182,0.281818
Germany/Bundesliga,,Ein Frankfurt,Freiburg,D,2,2,0.454545,0.327273,0.218182
Germany/Bundesliga,,Ein Frankfurt,Hamburg,H,2,1,0.577273,0.245455,0.177273
Germany/Bundesliga,,Ein Frankfurt,Heidenheim,A,3,4,0.809091,0.127273,0.063636
Germany/Bundesliga,,Ein Frankfurt,RB Leipzig,A,2,3,0.372727,0.322727,0.304545
Germany/Bundesliga,,Ein Frankfurt,Stuttgart,A,2,3,0.218182,0.281818,0.5
Germany/Bundesliga,,FC Koln,Dortmund,D,1,1,0.127273,0.190909,0.681818
Germany/Bundesliga,,FC Koln,Heidenheim,D,2,2,0.372727,0.386364,0.240909
Germany/Bundesliga,,FC Koln,Hoffenheim,D,2,2,0.268182,0.213636,0.518182
Germany/Bundesliga,,FC Koln,Leverkusen,A,2,3,0.227273,0.204545,0.568182
Germany/Bundesliga,,FC Koln,M'gladbach,A,1,2,0.322727,0.340909,0.336364
Germany/Bundesliga,,FC Koln,Werder Bremen,D,2,2,0.45,0.35,0.2
Germany/Bundesliga,,Freiburg,Bayern Munich,A,1,3,0.095455,0.3,0.604545
Germany/Bundesliga,,Freiburg,Heidenheim,H,2,1,0.681818,0.222727,0.095455
Germany/Bundesliga,,Freiburg,Leverkusen,H,2,1,0.336364,0.295455,0.368182
Germany/Bundesliga,,Freiburg,M'gladbach,H,2,1,0.654545,0.245455,0.1
Germany/Bundesliga,,Freiburg,RB Leipzig,A,2,3,0.295455,0.263636,0.440909
Germany/Bundesliga,,Freiburg,Union Berlin,A,2,3,0.3,0.35,0.35
Germany/Bundesliga,,Freiburg,Wolfsburg,A,2,3,0.636364,0.222727,0.140909
Germany/Bundesliga,,Hamburg,Augsburg,H,2,1,0.5,0.231818,0.268182
Germany/Bundesliga,,Hamburg,FC Koln,A,2,3,0.55,0.227273,0.222727
Germany/Bundesliga,,Hamburg,Freiburg,D,2,2,0.322727,0.427273,0.25
Germany/Bundesliga,,Hamburg,Hoffenheim,D,2,2,0.259091,0.245455,0.495455
Germany/Bundesliga,,Hamburg,Leverkusen,D,2,2,0.277273,0.277273,0.445455
Germany/Bundesliga,,Hamburg,RB Leipzig,A,1,2,0.254545,0.295455,0.45
Germany/Bundesliga,,Heidenheim,Hoffenheim,D,1,1,0.059091,0.313636,0.627273
Germany/Bundesliga,,Heidenheim,Leverkusen,A,1,3,0.031818,0.122727,0.845455
Germany/Bundesliga,,Heidenheim,Mainz,A,1,2,0.404545,0.25,0.345455
Germany/Bundesliga,,Heidenheim,St Pauli,H,2,1,0.218182,0.318182,0.463636
Germany/Bundesliga,,Heidenheim,Stuttgart,H,4,3,0.240909,0.186364,0.572727
Germany/Bundesliga,,Heidenheim,Union Berlin,D,2,2,0.586364,0.240909,0.172727
Germany/Bundesliga,,Hoffenheim,Dortmund,A,2,3,0.313636,0.304545,0.381818
Germany/Bundesliga,,Hoffenheim,Mainz,D,3,3,0.590909,0.25,0.159091
Germany/Bundesliga,,Hoffenheim,St Pauli,H,3,1,0.672727,0.222727,0.104545
Germany/Bundesliga,,Hoffenheim,Stuttgart,A,2,3,0.422727,0.245455,0.331818
Germany/Bundesliga,,Hoffenheim,Werder Bremen,D,3,3,0.631818,0.222727,0.145455
Germany/Bundesliga,,Hoffenheim,Wolfsburg,H,3,2,0.563636,0.245455,0.190909
Germany/Bundesliga,,Leverkusen,Augsburg,H,3,1,0.845455,0.1,0.054545
Germany/Bundesliga,,Leverkusen,Bayern Munich,A,1,3,0.127273,0.345455,0.527273
Germany/Bundesliga,,Leverkusen,Hamburg,H,3,1,0.722727,0.163636,0.113636
Germany/Bundesliga,,Leverkusen,Mainz,H,2,1,0.731818,0.177273,0.090909
Germany/Bundesliga,,Leverkusen,RB Leipzig,A,2,3,0.55,0.231818,0.218182
Germany/Bundesliga,,Leverkusen,Wolfsburg,A,2,3,0.531818,0.318182,0.15
Germany/Bundesliga,,M'gladbach,Dortmund,A,1,2,0.095455,0.190909,0.713636
Germany/Bundesliga,,M'gladbach,Heidenheim,H,2,1,0.790909,0.154545,0.054545
Germany/Bundesliga,,M'gladbach,Hoffenheim,A,1,2,0.218182,0.295455,0.486364
Germany/Bundesliga,,M'gladbach,Mainz,D,2,2,0.359091,0.359091,0.281818
Germany/Bundesliga,,M'gladbach,St Pauli,A,2,3,0.468182,0.359091,0.172727
Germany/Bundesliga,,M'gladbach,Union Berlin,H,2,1,0.245455,0.377273,0.377273
Germany/Bundesliga,,Mainz,Bayern Munich,A,1,3,0.131818,0.168182,0.7
Germany/Bundesliga,,Mainz,Ein Frankfurt,H,2,1,0.245455,0.463636,0.290909
Germany/Bundesliga,,Mainz,Freiburg,A,1,2,0.404545,0.213636,0.381818
Germany/Bundesliga,,Mainz,Hamburg,H,2,1,0.354545,0.381818,0.263636
Germany/Bundesliga,,Mainz,Stuttgart,A,1,2,0.218182,0.181818,0.6
Germany/Bundesliga,,Mainz,Union Berlin,D,1,1,0.2,0.363636,0.436364
Germany/Bundesliga,,RB Leipzig,Augsburg,H,3,1,0.818182,0.1,0.081818
Germany/Bundesliga,,RB Leipzig,Dortmund,D,2,2,0.331818,0.222727,0.445455
Germany/Bundesliga,,RB Leipzig,Hoffenheim,H,3,2,0.35,0.172727,0.477273
Germany/Bundesliga,,RB Leipzig,M'gladbach,H,2,1,0.563636,0.309091,0.127273
