competition,match_date,home_team,away_team,predicted_result,pred_home_goals,pred_away_goals,prob_home,prob_draw,prob_away
Belgium/First Division A,,Anderlecht,Cercle Brugge,A,2,3,0.753797,0.112909,0.133293
Belgium/First Division A,,Antwerp,Standard,H,2,1,0.558623,0.213273,0.228104
Belgium/First Division A,,Cercle Brugge,RAAL La Louviere,A,1,2,0.080098,0.288545,0.631357
Belgium/First Division A,,Charleroi,Oud-Heverlee Leuven,D,1,1,0.228721,0.406299,0.36498
Belgium/First Division A,,Club Brugge,Mechelen,H,3,2,0.497424,0.317818,0.184758
Belgium/First Division A,,Dender,Gent,A,1,2,0.230037,0.267636,0.502326
Belgium/First Division A,,Genk,St Truiden,A,1,2,0.324158,0.271818,0.404023
Belgium/First Division A,,Gent,Waregem,D,2,2,0.568728,0.163091,0.268181
Belgium/First Division A,,Mechelen,Anderlecht,A,1,2,0.188151,0.392127,0.419722
Belgium/First Division A,,Oud-Heverlee Leuven,Antwerp,A,1,2,0.168955,0.467537,0.363508
Belgium/First Division A,,RAAL La Louviere,Genk,H,2,1,0.226865,0.474085,0.29905
Belgium/First Division A,,St Truiden,St. Gilloise,A,1,2,0.233315,0.342909,0.423776
Belgium/First Division A,,St. Gilloise,Dender,H,2,0,0.733371,0.192364,0.074265
Belgium/First Division A,,Standard,Westerlo,D,1,1,0.280202,0.330364,0.389434
Belgium/First Division A,,Waregem,Charleroi,H,3,2,0.263463,0.280182,0.456355
Belgium/First Division A,,Westerlo,Club Brugge,D,1,1,0.228812,0.234182,0.537007
England/Championship,,Birmingham,Blackburn,D,1,1,0.409013,0.276,0.314987
England/Championship,,Birmingham,Bristol City,H,2,1,0.59659,0.221636,0.181774
England/Championship,,Birmingham,Preston,D,2,2,0.403366,0.380545,0.216089
England/Championship,,Birmingham,Sheffield United,D,2,2,0.514321,0.242545,0.243134
England/Championship,,Birmingham,Wrexham,D,1,1,0.287711,0.470817,0.241472
England/Championship,,Blackburn,Coventry,A,1,2,0.090631,0.351273,0.558096
England/Championship,,Blackburn,Leicester,A,1,2,0.374297,0.246727,0.378976
England/Championship,,Blackburn,Middlesbrough,A,1,2,0.308393,0.238364,0.453244
England/Championship,,Blackburn,West Brom,A,1,2,0.366701,0.276,0.357299
England/Championship,,Bristol City,Norwich,D,1,1,0.377763,0.225818,0.396418
England/Championship,,Bristol City,Sheffield United,A,1,2,0.36644,0.271818,0.361742
England/Championship,,Bristol City,Stoke,H,2,1,0.40893,0.200727,0.390342
England/Championship,,Bristol City,West Brom,D,1,1,0.403181,0.259273,0.337547
England/Championship,,Charlton,Bristol City,D,1,1,0.421647,0.255091,0.323262
England/Championship,,Charlton,Hull,A,1,2,0.303917,0.242545,0.453538
England/Championship,,Charlton,Ipswich,D,1,1,0.301544,0.288545,0.409911
England/Championship,,Charlton,Norwich,D,1,1,0.494051,0.221636,0.284312
England/Championship,,Charlton,Preston,H,2,1,0.195751,0.355455,0.448795
England/Championship,,Coventry,Derby,H,2,1,0.617185,0.242545,0.140269
England/Championship,,Coventry,Portsmouth,A,2,3,0.697107,0.150545,0.152348
England/Championship,,Coventry,Sheffield Weds,D,3,3,0.680486,0.221636,0.097878
England/Championship,,Coventry,Southampton,H,2,1,0.398597,0.326182,0.275222
England/Championship,,Coventry,Wrexham,A,1,2,0.246075,0.447586,0.306339
England/Championship,,Derby,Birmingham,H,2,1,0.540002,0.213273,0.246725
England/Championship,,Derby,Oxford,A,1,2,0.140501,0.399239,0.460261
England/Championship,,Derby,Sheffield United,A,1,2,0.370112,0.255091,0.374797
England/Championship,,Derby,Stoke,A,1,2,0.337547,0.259273,0.403181
England/Championship,,Hull,Birmingham,H,2,1,0.580935,0.255091,0.163974
England/Championship,,Hull,Coventry,H,3,2,0.267043,0.255091,0.477866
England/Championship,,Hull,Norwich,D,2,2,0.340035,0.217455,0.442511
England/Championship,,Hull,Sheffield Weds,H,2,1,0.643051,0.167273,0.189677
England/Championship,,Ipswich,Birmingham,H,2,1,0.630803,0.238364,0.130833
England/Championship,,Ipswich,Middlesbrough,H,2,1,0.474545,0.209091,0.316364
England/Championship,,Ipswich,Millwall,H,2,1,0.643199,0.221636,0.135165
England/Championship,,Ipswich,QPR,A,2,3,0.720275,0.200727,0.078998
England/Championship,,Leicester,Hull,A,1,2,0.294,0.23,0.476
England/Championship,,Leicester,Millwall,D,1,1,0.32626,0.221636,0.452103
England/Championship,,Leicester,Preston,A,1,2,0.385232,0.271818,0.34295
England/Championship,,Leicester,QPR,A,1,2,0.445091,0.184,0.370909
England/Championship,,Leicester,Swansea,H,2,1,0.696401,0.142182,0.161417
England/Championship,,Middlesbrough,Bristol City,H,2,1,0.379936,0.330364,0.289701
England/Championship,,Middlesbrough,Millwall,D,1,1,0.565953,0.188182,0.245865
England/Championship,,Middlesbrough,Portsmouth,D,1,1,0.347526,0.434029,0.218445
England/Championship,,Middlesbrough,Sheffield Weds,A,2,3,0.661842,0.221636,0.116522
England/Championship,,Middlesbrough,Watford,D,1,1,0.412832,0.326182,0.260986
England/Championship,,Millwall,Blackburn,A,1,2,0.32262,0.242545,0.434835
England/Championship,,Millwall,Norwich,A,1,2,0.388333,0.246727,0.36494
England/Championship,,Millwall,Oxford,A,1,2,0.259049,0.376364,0.364587
England/Championship,,Millwall,QPR,A,2,3,0.464446,0.263455,0.2721
England/Championship,,Norwich,Derby,A,1,2,0.29242,0.192364,0.515216
England/Championship,,Norwich,Ipswich,D,2,2,0.446106,0.200727,0.353167
England/Championship,,Norwich,Portsmouth,A,1,2,0.407869,0.259273,0.332858
England/Championship,,Norwich,Preston,H,2,1,0.303917,0.242545,0.453538
England/Championship,,Norwich,Swansea,H,2,1,0.439262,0.163091,0.397647
England/Championship,,Oxford,Charlton,D,1,1,0.075275,0.280182,0.644543
England/Championship,,Oxford,Hull,A,1,2,0.286373,0.267636,0.445991
England/Championship,,Oxford,Sheffield Weds,H,2,1,0.635182,0.184,0.180818
England/Championship,,Oxford,Watford,A,1,2,0.381641,0.288545,0.329813
England/Championship,,Oxford,Wrexham,D,0,0,0.0755,0.296909,0.627591
England/Championship,,Portsmouth,Birmingham,H,2,1,0.322831,0.246727,0.430442
England/Championship,,Portsmouth,Derby,A,1,2,0.228958,0.238364,0.532678
England/Championship,,Portsmouth,Ipswich,D,1,1,0.235581,0.288545,0.475874
England/Championship,,Portsmouth,Leicester,A,1,2,0.419024,0.284364,0.296612
England/Championship,,Portsmouth,Oxford,D,1,1,0.670347,0.213273,0.11638
England/Championship,,Preston,QPR,A,1,2,0.378482,0.238364,0.383154
England/Championship,,Preston,Southampton,H,3,2,0.445374,0.259273,0.295353
England/Championship,,Preston,Stoke,H,2,1,0.415568,0.301091,0.283342
England/Championship,,Preston,West Brom,D,1,1,0.327727,0.250909,0.421364
England/Championship,,QPR,Bristol City,H,2,1,0.369216,0.313636,0.317147
England/Championship,,QPR,Derby,H,3,2,0.415073,0.225818,0.359108
England/Championship,,QPR,Portsmouth,D,2,2,0.285946,0.347091,0.366964
England/Championship,,QPR,Swansea,H,3,2,0.396918,0.234182,0.3689
England/Championship,,QPR,Watford,A,1,2,0.40917,0.204909,0.385921
England/Championship,,Sheffield United,Blackburn,H,2,1,0.646302,0.204909,0.148789
England/Championship,,Sheffield United,Hull,H,3,2,0.519858,0.192364,0.287778
England/Championship,,Sheffield United,Preston,H,2,1,0.515346,0.255091,0.229563
England/Championship,,Sheffield United,Swansea,H,2,1,0.637091,0.150545,0.212364
England/Championship,,Sheffield United,Wrexham,A,1,2,0.084445,0.263455,0.652101
England/Championship,,Sheffield Weds,Charlton,H,3,2,0.263851,0.288545,0.447604
England/Championship,,Sheffield Weds,Ipswich,A,1,3,0.088343,0.204909,0.706747
England/Championship,,Sheffield Weds,Leicester,A,1,2,0.196506,0.246727,0.556767
England/Championship,,Sheffield Weds,West Brom,A,1,2,0.165283,0.301091,0.533627
England/Championship,,Southampton,Blackburn,H,2,1,0.473549,0.363818,0.162633
England/Championship,,Southampton,Bristol City,A,1,2,0.374797,0.255091,0.370112
England/Championship,,Southampton,Derby,A,1,2,0.46106,0.280182,0.258758
England/Championship,,Southampton,Ipswich,A,2,3,0.368316,0.363818,0.267866
England/Championship,,Southampton,Norwich,A,1,2,0.456026,0.276,0.267974
England/Championship,,Southampton,Oxford,A,1,2,0.165156,0.296909,0.537935
England/Championship,,Stoke,Blackburn,H,2,1,0.547091,0.184,0.268909
England/Championship,,Stoke,Millwall,D,1,1,0.245374,0.296909,0.457717
England/Championship,,Stoke,Portsmouth,H,2,1,0.651337,0.209091,0.139572
England/Championship,,Stoke,Sheffield Weds,D,2,2,0.61877,0.209091,0.172139
England/Championship,,Stoke,Watford,D,1,1,0.357299,0.276,0.366701
England/Championship,,Swansea,Charlton,A,1,2,0.443614,0.234182,0.322204
England/Championship,,Swansea,Coventry,A,1,2,0.314106,0.259273,0.426621
England/Championship,,Swansea,Middlesbrough,A,1,2,0.263697,0.167273,0.56903
England/Championship,,Swansea,Southampton,D,1,1,0.221282,0.284364,0.494354
England/Championship,,Watford,Charlton,A,1,2,0.355016,0.313636,0.331348
England/Championship,,Watford,Coventry,A,1,2,0.252585,0.347091,0.400324
England/Championship,,Watford,Leicester,D,2,2,0.389116,0.259273,0.351611
England/Championship,,Watford,Sheffield United,H,2,1,0.412277,0.255091,0.332632
England/Championship,,Watford,Wrexham,A,1,2,0.246973,0.506054,0.246973
England/Championship,,West Brom,Hull,D,1,1,0.296563,0.179818,0.523619
England/Championship,,West Brom,Ipswich,D,2,2,0.527677,0.171455,0.300868
England/Championship,,West Brom,Millwall,H,3,2,0.243784,0.259273,0.496944
England/Championship,,West Brom,Watford,H,2,1,0.352984,0.351273,0.295743
England/Championship,,West Brom,Wrexham,H,2,1,0.553968,0.213273,0.23276
England/Championship,,Wrexham,Middlesbrough,D,1,1,0.249945,0.416794,0.333261
England/Championship,,Wrexham,Southampton,A,1,2,0.104482,0.330364,0.565154
England/Championship,,Wrexham,Stoke,D,1,1,0.136948,0.301091,0.561961
England/Championship,,Wrexham,Swansea,A,1,2,0.117879,0.292727,0.589394
England/Premier League,,Arsenal,Bournemouth,H,3,1,0.792077,0.129636,0.078287
England/Premier League,,Arsenal,Burnley,D,3,3,0.915966,0.079455,0.00458
England/Premier League,,Arsenal,Everton,H,2,1,0.741818,0.184,0.074182
England/Premier League,,Arsenal,Fulham,H,3,1,0.85297,0.092,0.05503
England/Premier League,,Arsenal,Newcastle,H,2,1,0.816311,0.142182,0.041507
England/Premier League,,Aston Villa,Liverpool,A,2,3,0.392248,0.234182,0.37357
England/Premier League,,Aston Villa,Sunderland,H,1,0,0.642805,0.217455,0.13974
England/Premier League,,Aston Villa,Tottenham,A,1,2,0.446946,0.280182,0.272872
England/Premier League,,Aston Villa,West Ham,D,2,2,0.484418,0.330364,0.185219
England/Premier League,,Bournemouth,Crystal Palace,A,1,2,0.234833,0.372182,0.392985
England/Premier League,,Bournemouth,Leeds,H,2,1,0.473549,0.363818,0.162633
England/Premier League,,Bournemouth,Man City,D,1,1,0.203448,0.163091,0.633462
England/Premier League,,Bournemouth,Man United,H,2,1,0.382809,0.305273,0.311918
England/Premier League,,Brentford,Crystal Palace,A,1,2,0.277986,0.288545,0.433469
England/Premier League,,Brentford,Everton,D,1,1,0.301349,0.363818,0.334833
England/Premier League,,Brentford,Fulham,H,2,1,0.622329,0.196545,0.181126
England/Premier League,,Brentford,West Ham,H,2,1,0.765966,0.146364,0.087671
England/Premier League,,Brentford,Wolves,A,2,3,0.597712,0.234182,0.168106
England/Premier League,,Brighton,Chelsea,H,3,2,0.333087,0.263455,0.403458
England/Premier League,,Brighton,Liverpool,A,2,3,0.385696,0.200727,0.413577
England/Premier League,,Brighton,Man United,H,2,1,0.498712,0.221636,0.279652
England/Premier League,,Brighton,Wolves,H,2,0,0.628212,0.259273,0.112516
England/Premier League,,Burnley,Aston Villa,D,1,1,0.132755,0.322,0.545245
England/Premier League,,Burnley,Bournemouth,H,2,1,0.340453,0.225818,0.433728
England/Premier League,,Burnley,Brighton,A,1,2,0.201091,0.368,0.430909
England/Premier League,,Burnley,Man City,A,1,3,0.045628,0.041818,0.912554
England/Premier League,,Burnley,Wolves,H,2,1,0.430069,0.305273,0.264658
England/Premier League,,Chelsea,Man City,A,1,2,0.33579,0.225818,0.438392
England/Premier League,,Chelsea,Man United,H,2,1,0.574811,0.117091,0.308098
England/Premier League,,Chelsea,Newcastle,D,2,2,0.595156,0.204909,0.199935
England/Premier League,,Chelsea,Nott'm Forest,D,2,2,0.554986,0.225818,0.219196
England/Premier League,,Chelsea,Tottenham,H,2,1,0.548513,0.259273,0.192214
England/Premier League,,Crystal Palace,Arsenal,A,0,2,0.041847,0.204909,0.753244
England/Premier League,,Crystal Palace,Everton,A,0,2,0.184909,0.322,0.493091
England/Premier League,,Crystal Palace,Leeds,D,1,1,0.361487,0.267636,0.370876
England/Premier League,,Crystal Palace,Newcastle,A,1,2,0.237704,0.221636,0.54066
England/Premier League,,Crystal Palace,West Ham,D,1,1,0.376104,0.276,0.347896
England/Premier League,,Everton,Chelsea,H,3,2,0.278338,0.188182,0.533481
England/Premier League,,Everton,Liverpool,H,3,2,0.258947,0.284364,0.456689
England/Premier League,,Everton,Man City,D,1,1,0.236857,0.196545,0.566598
England/Premier League,,Everton,Sunderland,H,2,1,0.624942,0.225818,0.14924
England/Premier League,,Fulham,Aston Villa,A,2,3,0.200922,0.238364,0.560714
England/Premier League,,Fulham,Bournemouth,A,2,3,0.312667,0.317818,0.369515
England/Premier League,,Fulham,Burnley,D,2,2,0.458818,0.250909,0.290273
England/Premier League,,Fulham,Newcastle,H,2,1,0.510286,0.188182,0.301532
England/Premier League,,Leeds,Brentford,H,3,2,0.324158,0.271818,0.404023
England/Premier League,,Leeds,Brighton,H,3,2,0.156592,0.326182,0.517227
England/Premier League,,Leeds,Burnley,D,2,2,0.641381,0.146364,0.212256
England/Premier League,,Leeds,Wolves,D,2,2,0.61373,0.255091,0.131179
England/Premier League,,Liverpool,Brentford,H,2,1,0.729052,0.146364,0.124585
England/Premier League,,Liverpool,Chelsea,D,2,2,0.381641,0.288545,0.329813
England/Premier League,,Liverpool,Crystal Palace,H,2,1,0.539883,0.267636,0.19248
England/Premier League,,Liverpool,Fulham,H,2,1,0.705925,0.196545,0.097529
England/Premier League,,Liverpool,Tottenham,H,2,1,0.659865,0.200727,0.139408
England/Premier League,,Man City,Arsenal,H,2,1,0.361829,0.392127,0.246044
England/Premier League,,Man City,Aston Villa,H,3,1,0.816283,0.092,0.091717
England/Premier League,,Man City,Brentford,A,2,3,0.678452,0.200727,0.12082
England/Premier League,,Man City,Crystal Palace,H,2,0,0.787472,0.129636,0.082892
England/Premier League,,Man United,Aston Villa,H,2,1,0.758336,0.054364,0.1873
England/Premier League,,Man United,Brentford,H,2,1,0.606366,0.171455,0.22218
England/Premier League,,Man United,Leeds,H,2,1,0.715628,0.200727,0.083645
England/Premier League,,Man United,Liverpool,D,2,2,0.564104,0.163091,0.272805
England/Premier League,,Man United,Nott'm Forest,H,2,1,0.488503,0.209091,0.302406
England/Premier League,,Newcastle,Bournemouth,D,2,2,0.39435,0.267636,0.338014
England/Premier League,,Newcastle,Brighton,H,3,2,0.268764,0.292727,0.438509
England/Premier League,,Newcastle,Sunderland,H,2,1,0.447273,0.284364,0.268364
England/Premier League,,Newcastle,West Ham,D,2,2,0.644098,0.179818,0.176084
England/Premier League,,Nott'm Forest,Aston Villa,A,1,2,0.18235,0.242545,0.575104
England/Premier League,,Nott'm Forest,Bournemouth,D,1,1,0.113514,0.309455,0.577031
England/Premier League,,Nott'm Forest,Burnley,H,3,2,0.440686,0.259273,0.300041
England/Premier League,,Nott'm Forest,Fulham,A,1,2,0.246578,0.209091,0.544332
England/Premier League,,Nott'm Forest,Newcastle,A,1,2,0.208636,0.184,0.607364
England/Premier League,,Sunderland,Brighton,D,1,1,0.24332,0.406299,0.350381
England/Premier League,,Sunderland,Chelsea,D,1,1,0.240115,0.284364,0.475522
England/Premier League,,Sunderland,Man United,H,2,1,0.207784,0.301091,0.491125
England/Premier League,,Sunderland,Nott'm Forest,H,2,1,0.696238,0.192364,0.111398
England/Premier League,,Sunderland,Tottenham,A,2,3,0.337481,0.334545,0.327974
England/Premier League,,Tottenham,Brighton,D,2,2,0.28989,0.242545,0.467565
England/Premier League,,Tottenham,Everton,D,1,1,0.384428,0.259273,0.356299
England/Premier League,,Tottenham,Leeds,H,2,1,0.674371,0.154727,0.170902
England/Premier League,,Tottenham,Nott'm Forest,D,1,1,0.355119,0.238364,0.406518
England/Premier League,,West Ham,Arsenal,H,3,2,0.115474,0.154727,0.729798
England/Premier League,,West Ham,Everton,A,1,2,0.25048,0.305273,0.444247
England/Premier League,,West Ham,Leeds,H,3,2,0.489693,0.225818,0.284488
England/Premier League,,West Ham,Man City,A,1,3,0.068697,0.079455,0.851848
England/Premier League,,West Ham,Wolves,H,2,1,0.615234,0.221636,0.16313
England/Premier League,,Wolves,Fulham,D,2,2,0.373754,0.146364,0.479882
England/Premier League,,Wolves,Sunderland,D,1,1,0.201453,0.255091,0.543456
England/Premier League,,Wolves,Tottenham,H,3,2,0.340882,0.234182,0.424936
France/Ligue 1,,Angers,Le Havre,D,1,1,0.50377,0.284364,0.211866
France/Ligue 1,,Angers,Lyon,A,1,2,0.130667,0.23,0.639333
France/Ligue 1,,Angers,Nice,A,2,3,0.415891,0.305273,0.278836
France/Ligue 1,,Angers,Paris SG,A,1,2,0.083317,0.171455,0.745228
France/Ligue 1,,Angers,Strasbourg,A,1,2,0.299838,0.255091,0.445071
France/Ligue 1,,Auxerre,Angers,H,2,1,0.261655,0.338727,0.399618
France/Ligue 1,,Auxerre,Brest,D,1,1,0.2059,0.447586,0.346514
France/Ligue 1,,Auxerre,Nantes,A,1,2,0.380589,0.338727,0.280684
France/Ligue 1,,Auxerre,Nice,H,2,1,0.525411,0.204909,0.26968
France/Ligue 1,,Brest,Angers,H,1,0,0.629509,0.171455,0.199036
France/Ligue 1,,Brest,Lens,D,1,1,0.303192,0.317818,0.37899
France/Ligue 1,,Brest,Rennes,D,2,2,0.262196,0.402775,0.335028
France/Ligue 1,,Brest,Strasbourg,A,2,3,0.675076,0.163091,0.161833
France/Ligue 1,,Le Havre,Auxerre,H,2,1,0.647072,0.213273,0.139656
France/Ligue 1,,Le Havre,Lyon,H,2,1,0.222839,0.322,0.455161
France/Ligue 1,,Le Havre,Marseille,A,1,2,0.097759,0.213273,0.688968
France/Ligue 1,,Le Havre,Metz,H,2,1,0.551016,0.234182,0.214803
France/Ligue 1,,Lens,Angers,D,2,2,0.743655,0.154727,0.101617
France/Ligue 1,,Lens,Nantes,H,2,1,0.774417,0.138,0.087583
France/Ligue 1,,Lens,Paris SG,A,2,3,0.383654,0.246727,0.369618
France/Ligue 1,,Lens,Toulouse,A,2,3,0.684687,0.167273,0.14804
France/Ligue 1,,Lille,Auxerre,H,2,1,0.448669,0.392127,0.159205
France/Ligue 1,,Lille,Le Havre,H,2,0,0.752081,0.092,0.155919
France/Ligue 1,,Lille,Lens,H,2,1,0.432519,0.276,0.291481
France/Ligue 1,,Lille,Nice,H,2,1,0.427818,0.276,0.296182
France/Ligue 1,,Lorient,Le Havre,H,2,1,0.477866,0.255091,0.267043
France/Ligue 1,,Lorient,Lens,A,2,3,0.298856,0.234182,0.466962
France/Ligue 1,,Lorient,Marseille,A,2,3,0.311345,0.200727,0.487928
France/Ligue 1,,Lorient,Paris FC,H,2,1,0.506812,0.204909,0.288279
France/Ligue 1,,Lorient,Strasbourg,H,3,2,0.528695,0.246727,0.224578
France/Ligue 1,,Lyon,Auxerre,H,2,0,0.789037,0.146364,0.0646
France/Ligue 1,,Lyon,Lens,H,2,1,0.508034,0.221636,0.27033
France/Ligue 1,,Lyon,Lorient,H,2,1,0.610951,0.225818,0.163231
France/Ligue 1,,Lyon,Monaco,A,2,3,0.630545,0.184,0.185455
France/Ligue 1,,Lyon,Rennes,A,2,3,0.498407,0.217455,0.284139
France/Ligue 1,,Marseille,Auxerre,H,3,1,0.682565,0.142182,0.175253
France/Ligue 1,,Marseille,Lille,A,2,3,0.524016,0.246727,0.229257
France/Ligue 1,,Marseille,Metz,D,4,4,0.77177,0.158909,0.069321
France/Ligue 1,,Marseille,Nice,H,3,1,0.744955,0.117091,0.137955
France/Ligue 1,,Marseille,Rennes,H,3,2,0.603065,0.188182,0.208753
France/Ligue 1,,Metz,Lorient,A,1,2,0.228812,0.234182,0.537007
France/Ligue 1,,Metz,Monaco,H,4,3,0.119561,0.117091,0.763348
France/Ligue 1,,Metz,Nantes,A,1,2,0.360336,0.322,0.317664
France/Ligue 1,,Metz,Paris FC,D,2,2,0.462293,0.234182,0.303525
France/Ligue 1,,Metz,Toulouse,H,3,2,0.083793,0.213273,0.702934
France/Ligue 1,,Monaco,Auxerre,H,2,1,0.753681,0.163091,0.083229
France/Ligue 1,,Monaco,Brest,A,3,4,0.676163,0.175636,0.1482
France/Ligue 1,,Monaco,Lille,D,2,2,0.463193,0.246727,0.29008
France/Ligue 1,,Monaco,Marseille,D,2,2,0.428021,0.209091,0.362888
France/Ligue 1,,Nantes,Brest,A,1,2,0.267043,0.255091,0.477866
France/Ligue 1,,Nantes,Marseille,D,1,1,0.225031,0.259273,0.515696
France/Ligue 1,,Nantes,Strasbourg,D,1,1,0.246145,0.196545,0.55731
France/Ligue 1,,Nantes,Toulouse,H,3,2,0.280202,0.330364,0.389434
France/Ligue 1,,Nice,Le Havre,D,2,2,0.445374,0.259273,0.295353
France/Ligue 1,,Nice,Lens,A,1,2,0.267224,0.259273,0.473503
France/Ligue 1,,Nice,Metz,H,2,1,0.6719,0.179818,0.148281
France/Ligue 1,,Nice,Paris SG,D,1,1,0.125615,0.209091,0.665294
France/Ligue 1,,Paris FC,Brest,D,2,2,0.381604,0.351273,0.267123
France/Ligue 1,,Paris FC,Le Havre,D,1,1,0.410225,0.351273,0.238503
France/Ligue 1,,Paris FC,Lille,H,4,3,0.102864,0.242545,0.65459
France/Ligue 1,,Paris FC,Monaco,H,2,1,0.660857,0.158909,0.180234
France/Ligue 1,,Paris FC,Paris SG,D,1,1,0.047081,0.284364,0.668555
France/Ligue 1,,Paris SG,Brest,H,3,1,0.853351,0.096182,0.050467
France/Ligue 1,,Paris SG,Lorient,H,3,1,0.667333,0.23,0.102667
France/Ligue 1,,Paris SG,Lyon,H,3,1,0.720935,0.158909,0.120156
France/Ligue 1,,Paris SG,Nantes,H,3,0,0.804357,0.112909,0.082734
France/Ligue 1,,Paris SG,Toulouse,H,2,1,0.761937,0.100364,0.137699
France/Ligue 1,,Rennes,Angers,H,2,0,0.826573,0.104545,0.068881
France/Ligue 1,,Rennes,Lille,H,2,1,0.424046,0.288545,0.287409
France/Ligue 1,,Rennes,Metz,H,3,1,0.861382,0.083636,0.054982
France/Ligue 1,,Rennes,Nantes,H,2,1,0.810497,0.129636,0.059866
France/Ligue 1,,Rennes,Paris FC,H,2,1,0.771117,0.100364,0.128519
France/Ligue 1,,Strasbourg,Monaco,D,2,2,0.535671,0.217455,0.246874
France/Ligue 1,,Strasbourg,Nice,D,2,2,0.537125,0.288545,0.17433
France/Ligue 1,,Strasbourg,Paris FC,H,2,1,0.786341,0.117091,0.096568
France/Ligue 1,,Strasbourg,Rennes,H,2,1,0.565953,0.188182,0.245865
France/Ligue 1,,Strasbourg,Toulouse,H,2,1,0.615234,0.221636,0.16313
France/Ligue 1,,Toulouse,Lille,H,2,1,0.35311,0.284364,0.362526
France/Ligue 1,,Toulouse,Lorient,A,1,2,0.409013,0.276,0.314987
France/Ligue 1,,Toulouse,Lyon,A,1,2,0.301364,0.184,0.514636
France/Ligue 1,,Toulouse,Monaco,A,2,3,0.326879,0.317818,0.355303
France/Ligue 2,,Amiens,Le Mans,D,1,1,0.084445,0.263455,0.652101
France/Ligue 2,,Amiens,Montpellier,A,0,1,0.090714,0.355455,0.553832
France/Ligue 2,,Amiens,Pau FC,H,3,2,0.290865,0.263455,0.44568
France/Ligue 2,,Amiens,Red Star,H,2,1,0.570915,0.192364,0.236721
France/Ligue 2,,Annecy,Guingamp,H,2,1,0.5826,0.163091,0.254309
France/Ligue 2,,Annecy,Montpellier,A,1,2,0.127406,0.296909,0.575685
France/Ligue 2,,Annecy,Pau FC,H,2,1,0.481311,0.296909,0.22178
France/Ligue 2,,Annecy,Rodez,H,2,1,0.239427,0.267636,0.492937
France/Ligue 2,,Annecy,Troyes,A,1,2,0.442565,0.284364,0.273072
France/Ligue 2,,Bastia,Amiens,A,1,2,0.12425,0.359636,0.516114
France/Ligue 2,,Bastia,Boulogne,A,0,2,0.066967,0.363818,0.569215
France/Ligue 2,,Bastia,Le Mans,A,1,2,0.090084,0.322,0.587916
France/Ligue 2,,Bastia,Red Star,D,1,1,0.291509,0.359636,0.348855
France/Ligue 2,,Bastia,St Etienne,A,1,2,0.135333,0.23,0.634667
France/Ligue 2,,Boulogne,Annecy,A,1,2,0.230315,0.487027,0.282659
France/Ligue 2,,Boulogne,Dunkerque,D,1,1,0.256885,0.470817,0.272298
France/Ligue 2,,Boulogne,Le Mans,A,1,2,0.070519,0.276,0.653481
France/Ligue 2,,Boulogne,Nancy,A,1,2,0.305283,0.351273,0.343444
France/Ligue 2,,Clermont,Bastia,A,1,2,0.162569,0.512294,0.325137
France/Ligue 2,,Clermont,Guingamp,D,2,2,0.672273,0.184,0.143727
France/Ligue 2,,Clermont,Nancy,D,2,2,0.476592,0.296909,0.226499
France/Ligue 2,,Clermont,Pau FC,D,1,1,0.266661,0.427174,0.306166
France/Ligue 2,,Clermont,Red Star,D,1,1,0.292061,0.368,0.339939
France/Ligue 2,,Dunkerque,Grenoble,H,3,2,0.362855,0.355455,0.28169
France/Ligue 2,,Dunkerque,Laval,H,2,1,0.487236,0.255091,0.257673
France/Ligue 2,,Dunkerque,Rodez,D,2,2,0.330823,0.305273,0.363905
France/Ligue 2,,Grenoble,Clermont,D,1,1,0.381349,0.413309,0.205342
France/Ligue 2,,Grenoble,Le Mans,H,2,1,0.229247,0.40981,0.360942
France/Ligue 2,,Grenoble,St Etienne,A,1,2,0.327727,0.250909,0.421364
France/Ligue 2,,Grenoble,Troyes,A,0,1,0.254505,0.380545,0.36495
France/Ligue 2,,Guingamp,Amiens,H,3,2,0.336354,0.317818,0.345828
France/Ligue 2,,Guingamp,Bastia,D,1,1,0.396643,0.359636,0.24372
France/Ligue 2,,Guingamp,Grenoble,D,2,2,0.407861,0.402775,0.189364
France/Ligue 2,,Guingamp,Reims,A,1,2,0.269174,0.301091,0.429735
France/Ligue 2,,Laval,Boulogne,H,2,1,0.60436,0.255091,0.140549
France/Ligue 2,,Laval,Grenoble,D,0,0,0.183327,0.392127,0.424547
France/Ligue 2,,Laval,Reims,A,1,4,0.009193,0.112909,0.877898
France/Ligue 2,,Laval,Rodez,A,1,2,0.583222,0.171455,0.245324
France/Ligue 2,,Le Mans,Clermont,A,1,2,0.561961,0.301091,0.136948
France/Ligue 2,,Le Mans,Pau FC,H,2,1,0.737176,0.133818,0.129006
France/Ligue 2,,Le Mans,Reims,A,1,2,0.166082,0.326182,0.507736
France/Ligue 2,,Montpellier,Clermont,D,2,2,0.417772,0.380545,0.201683
France/Ligue 2,,Montpellier,Grenoble,D,2,2,0.702819,0.163091,0.13409
France/Ligue 2,,Montpellier,Laval,H,2,1,0.848763,0.096182,0.055055
France/Ligue 2,,Montpellier,Troyes,A,1,2,0.364192,0.309455,0.326354
France/Ligue 2,,Nancy,Annecy,H,2,1,0.649091,0.184,0.166909
France/Ligue 2,,Nancy,Dunkerque,H,2,1,0.598875,0.246727,0.154398
France/Ligue 2,,Nancy,Le Mans,A,1,2,0.184031,0.296909,0.51906
France/Ligue 2,,Nancy,St Etienne,A,1,2,0.209358,0.209091,0.581551
France/Ligue 2,,Pau FC,Guingamp,D,2,2,0.277283,0.158909,0.563808
France/Ligue 2,,Pau FC,Montpellier,H,2,1,0.612778,0.133818,0.253404
France/Ligue 2,,Pau FC,Nancy,H,3,2,0.42844,0.284364,0.287196
France/Ligue 2,,Red Star,Bastia,A,1,2,0.136005,0.450943,0.413052
France/Ligue 2,,Red Star,Dunkerque,A,1,3,0.117284,0.263455,0.619261
France/Ligue 2,,Red Star,Guingamp,D,3,3,0.761351,0.146364,0.092285
France/Ligue 2,,Red Star,Laval,H,2,1,0.367234,0.284364,0.348402
France/Ligue 2,,Red Star,Montpellier,H,2,1,0.21687,0.554537,0.228593
France/Ligue 2,,Reims,Boulogne,H,3,1,0.814708,0.125455,0.059837
France/Ligue 2,,Reims,Nancy,H,2,1,0.910221,0.066909,0.02287
France/Ligue 2,,Reims,Pau FC,H,3,2,0.165674,0.313636,0.52069
France/Ligue 2,,Reims,Red Star,A,1,2,0.237639,0.560367,0.201994
France/Ligue 2,,Reims,Rodez,D,1,1,0.303173,0.454288,0.242539
France/Ligue 2,,Rodez,Amiens,D,1,1,0.34253,0.338727,0.318743
France/Ligue 2,,Rodez,Bastia,A,1,2,0.485676,0.342909,0.171415
France/Ligue 2,,Rodez,St Etienne,A,1,2,0.351611,0.259273,0.389116
France/Ligue 2,,Rodez,Troyes,H,2,1,0.491921,0.255091,0.252988
France/Ligue 2,,St Etienne,Amiens,H,2,1,0.626947,0.246727,0.126325
France/Ligue 2,,St Etienne,Annecy,A,2,3,0.460864,0.213273,0.325863
France/Ligue 2,,St Etienne,Dunkerque,A,1,2,0.47224,0.242545,0.285214
France/Ligue 2,,St Etienne,Troyes,H,2,1,0.6797,0.163091,0.157209
France/Ligue 2,,Troyes,Boulogne,A,2,3,0.757692,0.104545,0.137762
France/Ligue 2,,Troyes,Dunkerque,A,2,3,0.429079,0.292727,0.278194
France/Ligue 2,,Troyes,Laval,H,2,1,0.722872,0.179818,0.09731
Germany/Bundesliga,,Augsburg,Ein Frankfurt,H,3,2,0.276169,0.342909,0.380922
Germany/Bundesliga,,Augsburg,Hoffenheim,A,1,2,0.135333,0.23,0.634667
Germany/Bundesliga,,Augsburg,M'gladbach,A,1,2,0.457623,0.234182,0.308195
Germany/Bundesliga,,Augsburg,Stuttgart,A,2,3,0.239595,0.271818,0.488587
Germany/Bundesliga,,Bayern Munich,FC Koln,A,3,4,0.710163,0.192364,0.097473
Germany/Bundesliga,,Bayern Munich,Heidenheim,H,5,1,0.882777,0.066909,0.050314
Germany/Bundesliga,,Bayern Munich,Stuttgart,H,4,2,0.755236,0.129636,0.115127
Germany/Bundesliga,,Bayern Munich,Union Berlin,H,3,1,0.796682,0.129636,0.073682
Germany/Bundesliga,,Dortmund,Augsburg,H,3,1,0.775194,0.146364,0.078442
Germany/Bundesliga,,Dortmund,Ein Frankfurt,D,3,3,0.70458,0.129636,0.165784
Germany/Bundesliga,,Dortmund,Freiburg,H,3,1,0.895753,0.058545,0.045702
Germany/Bundesliga,,Dortmund,Hamburg,H,2,1,0.80605,0.079455,0.114496
Germany/Bundesliga,,Dortmund,Leverkusen,H,3,1,0.636446,0.142182,0.221372
Germany/Bundesliga,,Ein Frankfurt,FC Koln,A,2,3,0.407748,0.322,0.270252
Germany/Bundesliga,,Ein Frankfurt,Hamburg,H,2,1,0.618943,0.154727,0.22633
Germany/Bundesliga,,Ein Frankfurt,Heidenheim,H,3,1,0.860737,0.125455,0.013809
Germany/Bundesliga,,Ein Frankfurt,RB Leipzig,H,3,2,0.364778,0.317818,0.317404
Germany/Bundesliga,,Ein Frankfurt,Stuttgart,H,3,2,0.344278,0.209091,0.446631
Germany/Bundesliga,,FC Koln,Heidenheim,D,2,2,0.421972,0.322,0.256028
Germany/Bundesliga,,FC Koln,Leverkusen,A,2,3,0.276227,0.250909,0.472864
Germany/Bundesliga,,FC Koln,M'gladbach,D,1,1,0.414013,0.280182,0.305805
Germany/Bundesliga,,FC Koln,Werder Bremen,D,2,2,0.493284,0.271818,0.234897
Germany/Bundesliga,,Freiburg,Bayern Munich,D,1,1,0.060705,0.234182,0.705113
Germany/Bundesliga,,Freiburg,Heidenheim,D,2,2,0.723333,0.23,0.046667
Germany/Bundesliga,,Freiburg,RB Leipzig,D,2,2,0.232515,0.326182,0.441303
Germany/Bundesliga,,Freiburg,Union Berlin,H,2,1,0.329813,0.288545,0.381641
Germany/Bundesliga,,Freiburg,Wolfsburg,D,2,2,0.666539,0.171455,0.162006
Germany/Bundesliga,,Hamburg,Augsburg,H,2,1,0.468013,0.179818,0.352168
Germany/Bundesliga,,Hamburg,FC Koln,D,1,1,0.550667,0.23,0.219333
Germany/Bundesliga,,Hamburg,Freiburg,D,2,2,0.343758,0.355455,0.300788
Germany/Bundesliga,,Hamburg,Hoffenheim,A,1,2,0.261836,0.242545,0.495618
Germany/Bundesliga,,Heidenheim,Leverkusen,A,1,3,0.04619,0.154727,0.799083
Germany/Bundesliga,,Heidenheim,Mainz,H,2,1,0.397955,0.250909,0.351136
Germany/Bundesliga,,Heidenheim,St Pauli,H,2,1,0.205728,0.242545,0.551726
Germany/Bundesliga,,Heidenheim,Union Berlin,H,2,1,0.564313,0.225818,0.209869
Germany/Bundesliga,,Hoffenheim,Dortmund,A,2,3,0.292786,0.301091,0.406123
Germany/Bundesliga,,Hoffenheim,Mainz,H,2,1,0.556055,0.179818,0.264126
Germany/Bundesliga,,Hoffenheim,Stuttgart,D,2,2,0.422224,0.263455,0.314322
Germany/Bundesliga,,Hoffenheim,Werder Bremen,H,2,1,0.653924,0.129636,0.21644
Germany/Bundesliga,,Hoffenheim,Wolfsburg,H,3,1,0.561632,0.192364,0.246004
Germany/Bundesliga,,Leverkusen,Augsburg,A,3,4,0.831166,0.104545,0.064289
Germany/Bundesliga,,Leverkusen,Bayern Munich,A,1,3,0.166817,0.179818,0.653365
Germany/Bundesliga,,Leverkusen,Hamburg,H,3,1,0.746873,0.188182,0.064945
Germany/Bundesliga,,Leverkusen,RB Leipzig,A,2,3,0.494357,0.225818,0.279825
Germany/Bundesliga,,Leverkusen,Wolfsburg,H,2,1,0.612511,0.288545,0.098944
Germany/Bundesliga,,M'gladbach,Dortmund,H,3,2,0.143808,0.188182,0.66801
Germany/Bundesliga,,M'gladbach,Heidenheim,H,2,1,0.759114,0.171455,0.069431
Germany/Bundesliga,,M'gladbach,Hoffenheim,D,1,1,0.241804,0.322,0.436196
Germany/Bundesliga,,M'gladbach,Mainz,H,3,2,0.433148,0.284364,0.282488
Germany/Bundesliga,,M'gladbach,St Pauli,D,1,1,0.500185,0.296909,0.202905
Germany/Bundesliga,,Mainz,Bayern Munich,A,1,2,0.161257,0.133818,0.704925
Germany/Bundesliga,,Mainz,Ein Frankfurt,D,2,2,0.309228,0.338727,0.352044
Germany/Bundesliga,,Mainz,Freiburg,H,2,1,0.395931,0.217455,0.386615
Germany/Bundesliga,,Mainz,Union Berlin,A,1,2,0.133807,0.359636,0.506556
Germany/Bundesliga,,RB Leipzig,Hoffenheim,H,3,2,0.381272,0.204909,0.413819
Germany/Bundesliga,,RB Leipzig,M'gladbach,D,2,2,0.561818,0.250909,0.187273
Germany/Bundesliga,,RB Leipzig,St Pauli,H,3,1,0.585514,0.200727,0.213759
Germany/Bundesliga,,RB Leipzig,Union Berlin,D,2,2,0.525104,0.200727,0.274169
Germany/Bundesliga,,St Pauli,Bayern Munich,D,1,1,0.04639,0.188182,0.765429
Germany/Bundesliga,,St Pauli,FC Koln,H,2,1,0.369137,0.238364,0.3925
Germany/Bundesliga,,St Pauli,Freiburg,H,2,1,0.481591,0.242545,0.275863
Germany/Bundesliga,,St Pauli,Mainz,D,1,1,0.136338,0.276,0.587662
Germany/Bundesliga,,St Pauli,Wolfsburg,D,1,1,0.173293,0.430608,0.396099
Germany/Bundesliga,,Stuttgart,Dortmund,A,1,2,0.264867,0.309455,0.425679
Germany/Bundesliga,,Stuttgart,Hamburg,H,2,1,0.668729,0.142182,0.189089
Germany/Bundesliga,,Stuttgart,Leverkusen,A,2,3,0.410667,0.23,0.359333
Germany/Bundesliga,,Stuttgart,RB Leipzig,D,1,1,0.46338,0.179818,0.356802
Germany/Bundesliga,,Stuttgart,Werder Bremen,H,2,1,0.752123,0.146364,0.101514
Germany/Bundesliga,,Union Berlin,Augsburg,H,3,2,0.232909,0.334545,0.432545
Germany/Bundesliga,,Union Berlin,FC Koln,H,2,1,0.748663,0.158909,0.092428
Germany/Bundesliga,,Union Berlin,St Pauli,H,2,1,0.594123,0.192364,0.213513
Germany/Bundesliga,,Union Berlin,Wolfsburg,H,3,2,0.415863,0.238364,0.345774
Germany/Bundesliga,,Werder Bremen,Augsburg,A,2,3,0.40359,0.188182,0.408229
Germany/Bundesliga,,Werder Bremen,Dortmund,A,1,3,0.083793,0.213273,0.702934
Germany/Bundesliga,,Werder Bremen,Hamburg,H,2,1,0.476607,0.238364,0.28503
Germany/Bundesliga,,Werder Bremen,Mainz,D,2,2,0.407318,0.250909,0.341773
Germany/Bundesliga,,Werder Bremen,RB Leipzig,A,1,2,0.103656,0.288545,0.607799
Germany/Bundesliga,,Wolfsburg,Bayern Munich,D,1,1,0.032189,0.117091,0.85072
Germany/Bundesliga,,Wolfsburg,Ein Frankfurt,H,4,3,0.317944,0.242545,0.439511
Germany/Bundesliga,,Wolfsburg,M'gladbach,H,3,2,0.408434,0.267636,0.32393
Germany/Bundesliga,,Wolfsburg,Werder Bremen,D,2,2,0.308761,0.392127,0.299112
Germany/Bundesliga 2,,Bielefeld,Bochum,H,2,1,0.496944,0.259273,0.243784
Germany/Bundesliga 2,,Bielefeld,Darmstadt,H,3,1,0.632353,0.204909,0.162738
Germany/Bundesliga 2,,Bielefeld,Hertha,A,1,2,0.38993,0.271818,0.338252
Germany/Bundesliga 2,,Bielefeld,Nurnberg,H,2,1,0.563754,0.271818,0.164428
Germany/Bundesliga 2,,Bielefeld,Paderborn,H,2,1,0.377498,0.296909,0.325592
Germany/Bundesliga 2,,Bochum,Braunschweig,H,2,1,0.680486,0.221636,0.097878
Germany/Bundesliga 2,,Bochum,Greuther Furth,D,3,3,0.543825,0.259273,0.196902
Germany/Bundesliga 2,,Bochum,Hannover,D,2,2,0.456764,0.221636,0.321599
Germany/Bundesliga 2,,Bochum,Holstein Kiel,A,1,2,0.311513,0.372182,0.316305
Germany/Bundesliga 2,,Braunschweig,Dresden,D,1,1,0.43292,0.338727,0.228353
Germany/Bundesliga 2,,Braunschweig,Fortuna Dusseldorf,D,1,1,0.094904,0.326182,0.578914
Germany/Bundesliga 2,,Braunschweig,Hertha,A,1,3,0.041727,0.184,0.774273
Germany/Bundesliga 2,,Braunschweig,Nurnberg,H,3,2,0.155838,0.301091,0.543071
Germany/Bundesliga 2,,Darmstadt,Elversberg,A,1,2,0.200417,0.221636,0.577947
Germany/Bundesliga 2,,Darmstadt,Hannover,A,2,3,0.540329,0.217455,0.242216
Germany/Bundesliga 2,,Darmstadt,Paderborn,H,2,1,0.471934,0.238364,0.289702
Germany/Bundesliga 2,,Darmstadt,Schalke 04,H,2,1,0.482879,0.259273,0.257848
Germany/Bundesliga 2,,Dresden,Bochum,A,2,3,0.434795,0.305273,0.259932
Germany/Bundesliga 2,,Dresden,Hertha,D,1,1,0.084107,0.238364,0.677529
Germany/Bundesliga 2,,Dresden,Holstein Kiel,A,1,2,0.081091,0.351273,0.567636
Germany/Bundesliga 2,,Dresden,Kaiserslautern,H,3,2,0.305497,0.171455,0.523048
Germany/Bundesliga 2,,Dresden,Preußen Münster,H,2,1,0.223035,0.457619,0.319346
Germany/Bundesliga 2,,Elversberg,Bielefeld,D,1,1,0.174042,0.395689,0.430269
Germany/Bundesliga 2,,Elversberg,Karlsruhe,D,2,2,0.409855,0.347091,0.243054
Germany/Bundesliga 2,,Elversberg,Paderborn,A,1,2,0.396918,0.234182,0.3689
Germany/Bundesliga 2,,Elversberg,Preußen Münster,A,1,2,0.313657,0.416794,0.269549
Germany/Bundesliga 2,,Elversberg,Schalke 04,D,1,1,0.443333,0.23,0.326667
Germany/Bundesliga 2,,Fortuna Dusseldorf,Dresden,A,1,2,0.226158,0.288545,0.485297
Germany/Bundesliga 2,,Fortuna Dusseldorf,Elversberg,D,1,1,0.162129,0.420267,0.417604
Germany/Bundesliga 2,,Fortuna Dusseldorf,Hertha,A,1,2,0.331126,0.225818,0.443056
Germany/Bundesliga 2,,Fortuna Dusseldorf,Holstein Kiel,H,2,1,0.240728,0.388551,0.370721
Germany/Bundesliga 2,,Greuther Furth,Darmstadt,A,2,3,0.261499,0.234182,0.504319
Germany/Bundesliga 2,,Greuther Furth,Elversberg,A,1,3,0.060109,0.163091,0.7768
Germany/Bundesliga 2,,Greuther Furth,Fortuna Dusseldorf,A,2,3,0.401333,0.23,0.368667
Germany/Bundesliga 2,,Greuther Furth,Nurnberg,H,2,1,0.401082,0.225818,0.3731
Germany/Bundesliga 2,,Greuther Furth,Paderborn,D,1,1,0.345001,0.305273,0.349727
Germany/Bundesliga 2,,Hannover,Braunschweig,H,2,1,0.488755,0.326182,0.185063
Germany/Bundesliga 2,,Hannover,Elversberg,D,1,1,0.167902,0.376364,0.455734
Germany/Bundesliga 2,,Hannover,Nurnberg,D,1,1,0.607051,0.234182,0.158767
Germany/Bundesliga 2,,Hannover,Paderborn,H,3,2,0.215663,0.372182,0.412155
Germany/Bundesliga 2,,Hannover,Preußen Münster,H,2,1,0.278794,0.457619,0.263587
Germany/Bundesliga 2,,Hertha,Bochum,D,1,1,0.361559,0.338727,0.299714
Germany/Bundesliga 2,,Hertha,Greuther Furth,H,2,1,0.602063,0.175636,0.2223
Germany/Bundesliga 2,,Hertha,Holstein Kiel,H,2,1,0.610573,0.221636,0.167791
Germany/Bundesliga 2,,Hertha,Kaiserslautern,H,2,1,0.498698,0.280182,0.221121
Germany/Bundesliga 2,,Holstein Kiel,Braunschweig,H,2,1,0.526677,0.221636,0.251686
Germany/Bundesliga 2,,Holstein Kiel,Kaiserslautern,H,2,1,0.314106,0.259273,0.426621
Germany/Bundesliga 2,,Holstein Kiel,Magdeburg,A,1,2,0.308795,0.246727,0.444478
Germany/Bundesliga 2,,Holstein Kiel,Nurnberg,A,1,2,0.528695,0.246727,0.224578
Germany/Bundesliga 2,,Holstein Kiel,Preußen Münster,D,1,1,0.103355,0.271818,0.624827
Germany/Bundesliga 2,,Kaiserslautern,Bielefeld,D,2,2,0.349139,0.213273,0.437588
Germany/Bundesliga 2,,Kaiserslautern,Braunschweig,H,2,1,0.527701,0.288545,0.183753
Germany/Bundesliga 2,,Kaiserslautern,Fortuna Dusseldorf,H,2,1,0.504533,0.171455,0.324012
Germany/Bundesliga 2,,Kaiserslautern,Karlsruhe,A,2,3,0.606366,0.171455,0.22218
Germany/Bundesliga 2,,Karlsruhe,Bielefeld,H,3,2,0.436559,0.196545,0.366895
Germany/Bundesliga 2,,Karlsruhe,Bochum,H,3,2,0.390775,0.284364,0.324861
Germany/Bundesliga 2,,Karlsruhe,Darmstadt,A,2,3,0.32439,0.276,0.39961
Germany/Bundesliga 2,,Karlsruhe,Greuther Furth,D,3,3,0.676163,0.175636,0.1482
Germany/Bundesliga 2,,Karlsruhe,Hannover,D,2,2,0.240655,0.296909,0.462436
Germany/Bundesliga 2,,Magdeburg,Bochum,D,1,1,0.088837,0.242545,0.668617
Germany/Bundesliga 2,,Magdeburg,Darmstadt,A,2,3,0.285977,0.259273,0.45475
Germany/Bundesliga 2,,Magdeburg,Fortuna Dusseldorf,D,1,1,0.360261,0.246727,0.393012
Germany/Bundesliga 2,,Magdeburg,Hertha,D,1,1,0.238458,0.242545,0.518997
Germany/Bundesliga 2,,Magdeburg,Kaiserslautern,D,2,2,0.565013,0.175636,0.25935
Germany/Bundesliga 2,,Nurnberg,Dresden,H,2,1,0.724437,0.146364,0.129199
Germany/Bundesliga 2,,Nurnberg,Kaiserslautern,H,2,1,0.516797,0.322,0.161203
Germany/Bundesliga 2,,Nurnberg,Magdeburg,D,2,2,0.415863,0.238364,0.345774
Germany/Bundesliga 2,,Nurnberg,Schalke 04,A,1,2,0.219899,0.246727,0.533373
Germany/Bundesliga 2,,Paderborn,Dresden,H,3,1,0.677672,0.192364,0.129964
Germany/Bundesliga 2,,Paderborn,Karlsruhe,A,2,3,0.589819,0.196545,0.213635
Germany/Bundesliga 2,,Paderborn,Magdeburg,D,2,2,0.574392,0.284364,0.141244
Germany/Bundesliga 2,,Paderborn,Schalke 04,D,1,1,0.254811,0.296909,0.448279
Germany/Bundesliga 2,,Preußen Münster,Bielefeld,H,2,1,0.782113,0.121273,0.096614
Germany/Bundesliga 2,,Preußen Münster,Darmstadt,D,1,1,0.14966,0.502915,0.347425
Germany/Bundesliga 2,,Preußen Münster,Greuther Furth,A,2,3,0.299241,0.242545,0.458213
Germany/Bundesliga 2,,Preußen Münster,Magdeburg,H,2,1,0.389434,0.330364,0.280202
Germany/Bundesliga 2,,Schalke 04,Braunschweig,A,2,3,0.662667,0.23,0.107333
Germany/Bundesliga 2,,Schalke 04,Fortuna Dusseldorf,H,2,1,0.530868,0.271818,0.197314
Germany/Bundesliga 2,,Schalke 04,Hannover,D,1,1,0.475522,0.284364,0.240115
Germany/Bundesliga 2,,Schalke 04,Karlsruhe,H,2,1,0.445991,0.267636,0.286373
Germany/Bundesliga 2,,Schalke 04,Preußen Münster,H,2,1,0.823519,0.121273,0.055208
Italy/Serie A,,Atalanta,Bologna,H,2,1,0.492575,0.200727,0.306698
Italy/Serie A,,Atalanta,Genoa,H,2,1,0.629216,0.221636,0.149148
Italy/Serie A,,Atalanta,Juventus,A,1,2,0.2092,0.464244,0.326556
Italy/Serie A,,Atalanta,Verona,D,2,2,0.797072,0.133818,0.06911
Italy/Serie A,,Bologna,Cagliari,D,1,1,0.468621,0.313636,0.217743
Italy/Serie A,,Bologna,Inter,D,1,1,0.214268,0.217455,0.568277
Italy/Serie A,,Bologna,Lazio,H,2,1,0.316894,0.309455,0.373651
Italy/Serie A,,Bologna,Lecce,H,2,1,0.658732,0.188182,0.153086
Italy/Serie A,,Bologna,Roma,A,1,2,0.253044,0.355455,0.391502
Italy/Serie A,,Cagliari,Atalanta,H,2,1,0.338455,0.184,0.477545
Italy/Serie A,,Cagliari,Cremonese,D,1,1,0.198878,0.539739,0.261383
Italy/Serie A,,Cagliari,Napoli,D,1,1,0.197829,0.121273,0.680899
Italy/Serie A,,Cagliari,Torino,D,2,2,0.552088,0.246727,0.201185
Italy/Serie A,,Cagliari,Udinese,A,1,2,0.327083,0.238364,0.434553
Italy/Serie A,,Como,Inter,A,1,2,0.173948,0.276,0.550052
Italy/Serie A,,Como,Napoli,D,2,2,0.496934,0.196545,0.30652
Italy/Serie A,,Como,Parma,H,2,1,0.481342,0.347091,0.171567
Italy/Serie A,,Como,Pisa,A,2,3,0.590754,0.305273,0.103973
Italy/Serie A,,Como,Roma,H,2,1,0.458343,0.355455,0.186202
Italy/Serie A,,Cremonese,Bologna,H,3,2,0.304318,0.250909,0.444773
Italy/Serie A,,Cremonese,Como,H,2,1,0.495944,0.246727,0.257329
Italy/Serie A,,Cremonese,Fiorentina,D,1,1,0.100263,0.355455,0.544283
Italy/Serie A,,Cremonese,Lazio,D,0,0,0.16056,0.301091,0.538349
Italy/Serie A,,Cremonese,Pisa,A,1,2,0.264011,0.413309,0.32268
Italy/Serie A,,Cremonese,Torino,A,1,2,0.141126,0.406299,0.452575
Italy/Serie A,,Fiorentina,Atalanta,D,1,1,0.29728,0.296909,0.405811
